/*--------------------------------*- C++ -*----------------------------------*\
| =========                 |                                                 |
| \\      /  F ield         | OpenFOAM: The Open Source CFD Toolbox           |
|  \\    /   O peration     | Version:  v1912                                 |
|   \\  /    A nd           | Website:  www.openfoam.com                      |
|    \\/     M anipulation  |                                                 |
\*---------------------------------------------------------------------------*/
FoamFile
{
    version     2.0;
    format      ascii;
    class       faceList;
    location    "constant/wallFilmRegion/polyMesh";
    object      faces;
}
// * * * * * * * * * * * * * * * * * * * * * * * * * * * * * * * * * * * * * //


2400
(
4(1 2 962 961)
4(3 0 960 963)
4(4 5 965 964)
4(6 7 967 966)
4(8 9 969 968)
4(10 11 971 970)
4(12 13 973 972)
4(14 15 975 974)
4(16 17 977 976)
4(18 19 979 978)
4(20 21 981 980)
4(22 23 983 982)
4(24 25 985 984)
4(26 27 987 986)
4(28 29 989 988)
4(30 31 991 990)
4(32 33 993 992)
4(34 35 995 994)
4(36 37 997 996)
4(38 39 999 998)
4(40 41 1001 1000)
4(42 43 1003 1002)
4(44 45 1005 1004)
4(46 47 1007 1006)
4(48 49 1009 1008)
4(50 51 1011 1010)
4(52 53 1013 1012)
4(54 55 1015 1014)
4(56 57 1017 1016)
4(58 59 1019 1018)
4(60 61 1021 1020)
4(62 63 1023 1022)
4(64 65 1025 1024)
4(66 67 1027 1026)
4(68 69 1029 1028)
4(70 71 1031 1030)
4(72 73 1033 1032)
4(74 75 1035 1034)
4(76 77 1037 1036)
4(78 79 1039 1038)
4(80 81 1041 1040)
4(82 83 1043 1042)
4(84 85 1045 1044)
4(86 87 1047 1046)
4(88 89 1049 1048)
4(90 91 1051 1050)
4(92 93 1053 1052)
4(94 95 1055 1054)
4(96 97 1057 1056)
4(98 99 1059 1058)
4(100 101 1061 1060)
4(102 103 1063 1062)
4(104 105 1065 1064)
4(106 107 1067 1066)
4(108 109 1069 1068)
4(110 111 1071 1070)
4(112 113 1073 1072)
4(114 115 1075 1074)
4(116 117 1077 1076)
4(118 119 1079 1078)
4(120 121 1081 1080)
4(122 123 1083 1082)
4(124 125 1085 1084)
4(126 127 1087 1086)
4(128 129 1089 1088)
4(130 131 1091 1090)
4(132 133 1093 1092)
4(134 135 1095 1094)
4(136 137 1097 1096)
4(138 139 1099 1098)
4(140 141 1101 1100)
4(142 143 1103 1102)
4(144 145 1105 1104)
4(146 147 1107 1106)
4(148 149 1109 1108)
4(150 151 1111 1110)
4(152 153 1113 1112)
4(154 155 1115 1114)
4(156 157 1117 1116)
4(158 159 1119 1118)
4(160 161 1121 1120)
4(162 163 1123 1122)
4(164 165 1125 1124)
4(166 167 1127 1126)
4(168 169 1129 1128)
4(170 171 1131 1130)
4(172 173 1133 1132)
4(174 175 1135 1134)
4(176 177 1137 1136)
4(178 179 1139 1138)
4(180 181 1141 1140)
4(182 183 1143 1142)
4(184 185 1145 1144)
4(186 187 1147 1146)
4(188 189 1149 1148)
4(190 191 1151 1150)
4(192 193 1153 1152)
4(194 195 1155 1154)
4(196 197 1157 1156)
4(198 199 1159 1158)
4(200 201 1161 1160)
4(202 203 1163 1162)
4(204 205 1165 1164)
4(206 207 1167 1166)
4(208 209 1169 1168)
4(210 211 1171 1170)
4(212 213 1173 1172)
4(214 215 1175 1174)
4(216 217 1177 1176)
4(218 219 1179 1178)
4(220 221 1181 1180)
4(222 223 1183 1182)
4(224 225 1185 1184)
4(226 227 1187 1186)
4(228 229 1189 1188)
4(230 231 1191 1190)
4(232 233 1193 1192)
4(234 235 1195 1194)
4(236 237 1197 1196)
4(238 239 1199 1198)
4(240 241 1201 1200)
4(243 244 1204 1203)
4(245 242 1202 1205)
4(246 247 1207 1206)
4(248 249 1209 1208)
4(250 251 1211 1210)
4(252 253 1213 1212)
4(254 255 1215 1214)
4(256 257 1217 1216)
4(258 259 1219 1218)
4(260 261 1221 1220)
4(262 263 1223 1222)
4(264 265 1225 1224)
4(266 267 1227 1226)
4(268 269 1229 1228)
4(270 271 1231 1230)
4(272 273 1233 1232)
4(274 275 1235 1234)
4(276 277 1237 1236)
4(278 279 1239 1238)
4(280 281 1241 1240)
4(282 283 1243 1242)
4(284 285 1245 1244)
4(286 287 1247 1246)
4(288 289 1249 1248)
4(290 291 1251 1250)
4(292 293 1253 1252)
4(294 295 1255 1254)
4(296 297 1257 1256)
4(298 299 1259 1258)
4(300 301 1261 1260)
4(302 303 1263 1262)
4(304 305 1265 1264)
4(306 307 1267 1266)
4(308 309 1269 1268)
4(310 311 1271 1270)
4(312 313 1273 1272)
4(314 315 1275 1274)
4(316 317 1277 1276)
4(318 319 1279 1278)
4(320 321 1281 1280)
4(322 323 1283 1282)
4(324 325 1285 1284)
4(326 327 1287 1286)
4(328 329 1289 1288)
4(330 331 1291 1290)
4(332 333 1293 1292)
4(334 335 1295 1294)
4(336 337 1297 1296)
4(338 339 1299 1298)
4(340 341 1301 1300)
4(342 343 1303 1302)
4(344 345 1305 1304)
4(346 347 1307 1306)
4(348 349 1309 1308)
4(350 351 1311 1310)
4(352 353 1313 1312)
4(354 355 1315 1314)
4(356 357 1317 1316)
4(358 359 1319 1318)
4(360 361 1321 1320)
4(362 363 1323 1322)
4(364 365 1325 1324)
4(366 367 1327 1326)
4(368 369 1329 1328)
4(370 371 1331 1330)
4(372 373 1333 1332)
4(374 375 1335 1334)
4(376 377 1337 1336)
4(378 379 1339 1338)
4(380 381 1341 1340)
4(382 383 1343 1342)
4(384 385 1345 1344)
4(386 387 1347 1346)
4(388 389 1349 1348)
4(390 391 1351 1350)
4(392 393 1353 1352)
4(394 395 1355 1354)
4(396 397 1357 1356)
4(398 399 1359 1358)
4(400 401 1361 1360)
4(402 403 1363 1362)
4(404 405 1365 1364)
4(406 407 1367 1366)
4(408 409 1369 1368)
4(410 411 1371 1370)
4(412 413 1373 1372)
4(414 415 1375 1374)
4(416 417 1377 1376)
4(418 419 1379 1378)
4(420 421 1381 1380)
4(422 423 1383 1382)
4(424 425 1385 1384)
4(426 427 1387 1386)
4(428 429 1389 1388)
4(430 431 1391 1390)
4(432 433 1393 1392)
4(434 435 1395 1394)
4(436 437 1397 1396)
4(438 439 1399 1398)
4(440 441 1401 1400)
4(442 443 1403 1402)
4(444 445 1405 1404)
4(446 447 1407 1406)
4(448 449 1409 1408)
4(450 451 1411 1410)
4(452 453 1413 1412)
4(454 455 1415 1414)
4(456 457 1417 1416)
4(458 459 1419 1418)
4(460 461 1421 1420)
4(462 463 1423 1422)
4(464 465 1425 1424)
4(466 467 1427 1426)
4(468 469 1429 1428)
4(470 471 1431 1430)
4(472 473 1433 1432)
4(474 475 1435 1434)
4(476 477 1437 1436)
4(478 479 1439 1438)
4(480 481 1441 1440)
4(485 482 1442 1445)
4(483 484 1444 1443)
4(487 486 1446 1447)
4(489 488 1448 1449)
4(491 490 1450 1451)
4(493 492 1452 1453)
4(495 494 1454 1455)
4(497 496 1456 1457)
4(499 498 1458 1459)
4(501 500 1460 1461)
4(503 502 1462 1463)
4(505 504 1464 1465)
4(507 506 1466 1467)
4(509 508 1468 1469)
4(511 510 1470 1471)
4(513 512 1472 1473)
4(515 514 1474 1475)
4(517 516 1476 1477)
4(519 518 1478 1479)
4(521 520 1480 1481)
4(523 522 1482 1483)
4(525 524 1484 1485)
4(527 526 1486 1487)
4(529 528 1488 1489)
4(531 530 1490 1491)
4(533 532 1492 1493)
4(535 534 1494 1495)
4(537 536 1496 1497)
4(539 538 1498 1499)
4(541 540 1500 1501)
4(543 542 1502 1503)
4(545 544 1504 1505)
4(547 546 1506 1507)
4(549 548 1508 1509)
4(551 550 1510 1511)
4(553 552 1512 1513)
4(555 554 1514 1515)
4(557 556 1516 1517)
4(559 558 1518 1519)
4(561 560 1520 1521)
4(563 562 1522 1523)
4(565 564 1524 1525)
4(567 566 1526 1527)
4(569 568 1528 1529)
4(571 570 1530 1531)
4(573 572 1532 1533)
4(575 574 1534 1535)
4(577 576 1536 1537)
4(579 578 1538 1539)
4(581 580 1540 1541)
4(583 582 1542 1543)
4(585 584 1544 1545)
4(587 586 1546 1547)
4(589 588 1548 1549)
4(591 590 1550 1551)
4(593 592 1552 1553)
4(595 594 1554 1555)
4(597 596 1556 1557)
4(599 598 1558 1559)
4(601 600 1560 1561)
4(603 602 1562 1563)
4(605 604 1564 1565)
4(607 606 1566 1567)
4(609 608 1568 1569)
4(611 610 1570 1571)
4(613 612 1572 1573)
4(615 614 1574 1575)
4(617 616 1576 1577)
4(619 618 1578 1579)
4(621 620 1580 1581)
4(623 622 1582 1583)
4(625 624 1584 1585)
4(627 626 1586 1587)
4(629 628 1588 1589)
4(631 630 1590 1591)
4(633 632 1592 1593)
4(635 634 1594 1595)
4(637 636 1596 1597)
4(639 638 1598 1599)
4(641 640 1600 1601)
4(643 642 1602 1603)
4(645 644 1604 1605)
4(647 646 1606 1607)
4(649 648 1608 1609)
4(651 650 1610 1611)
4(653 652 1612 1613)
4(655 654 1614 1615)
4(657 656 1616 1617)
4(659 658 1618 1619)
4(661 660 1620 1621)
4(663 662 1622 1623)
4(665 664 1624 1625)
4(667 666 1626 1627)
4(669 668 1628 1629)
4(671 670 1630 1631)
4(673 672 1632 1633)
4(675 674 1634 1635)
4(677 676 1636 1637)
4(679 678 1638 1639)
4(681 680 1640 1641)
4(683 682 1642 1643)
4(685 684 1644 1645)
4(687 686 1646 1647)
4(689 688 1648 1649)
4(691 690 1650 1651)
4(693 692 1652 1653)
4(695 694 1654 1655)
4(697 696 1656 1657)
4(699 698 1658 1659)
4(701 700 1660 1661)
4(703 702 1662 1663)
4(705 704 1664 1665)
4(707 706 1666 1667)
4(709 708 1668 1669)
4(711 710 1670 1671)
4(713 712 1672 1673)
4(715 714 1674 1675)
4(717 716 1676 1677)
4(719 718 1678 1679)
4(721 720 1680 1681)
4(723 722 1682 1683)
4(725 724 1684 1685)
4(727 726 1686 1687)
4(729 728 1688 1689)
4(731 730 1690 1691)
4(733 732 1692 1693)
4(735 734 1694 1695)
4(737 736 1696 1697)
4(739 738 1698 1699)
4(741 740 1700 1701)
4(743 742 1702 1703)
4(745 744 1704 1705)
4(747 746 1706 1707)
4(749 748 1708 1709)
4(751 750 1710 1711)
4(753 752 1712 1713)
4(755 754 1714 1715)
4(757 756 1716 1717)
4(759 758 1718 1719)
4(761 760 1720 1721)
4(763 762 1722 1723)
4(765 764 1724 1725)
4(767 766 1726 1727)
4(769 768 1728 1729)
4(771 770 1730 1731)
4(773 772 1732 1733)
4(775 774 1734 1735)
4(777 776 1736 1737)
4(779 778 1738 1739)
4(781 780 1740 1741)
4(783 782 1742 1743)
4(785 784 1744 1745)
4(787 786 1746 1747)
4(789 788 1748 1749)
4(791 790 1750 1751)
4(793 792 1752 1753)
4(795 794 1754 1755)
4(797 796 1756 1757)
4(799 798 1758 1759)
4(801 800 1760 1761)
4(803 802 1762 1763)
4(805 804 1764 1765)
4(807 806 1766 1767)
4(809 808 1768 1769)
4(811 810 1770 1771)
4(813 812 1772 1773)
4(815 814 1774 1775)
4(817 816 1776 1777)
4(819 818 1778 1779)
4(821 820 1780 1781)
4(823 822 1782 1783)
4(825 824 1784 1785)
4(827 826 1786 1787)
4(829 828 1788 1789)
4(831 830 1790 1791)
4(833 832 1792 1793)
4(835 834 1794 1795)
4(837 836 1796 1797)
4(839 838 1798 1799)
4(841 840 1800 1801)
4(843 842 1802 1803)
4(845 844 1804 1805)
4(847 846 1806 1807)
4(849 848 1808 1809)
4(851 850 1810 1811)
4(853 852 1812 1813)
4(855 854 1814 1815)
4(857 856 1816 1817)
4(859 858 1818 1819)
4(861 860 1820 1821)
4(863 862 1822 1823)
4(865 864 1824 1825)
4(867 866 1826 1827)
4(869 868 1828 1829)
4(871 870 1830 1831)
4(873 872 1832 1833)
4(875 874 1834 1835)
4(877 876 1836 1837)
4(879 878 1838 1839)
4(881 880 1840 1841)
4(883 882 1842 1843)
4(885 884 1844 1845)
4(887 886 1846 1847)
4(889 888 1848 1849)
4(891 890 1850 1851)
4(893 892 1852 1853)
4(895 894 1854 1855)
4(897 896 1856 1857)
4(899 898 1858 1859)
4(901 900 1860 1861)
4(903 902 1862 1863)
4(905 904 1864 1865)
4(907 906 1866 1867)
4(909 908 1868 1869)
4(911 910 1870 1871)
4(913 912 1872 1873)
4(915 914 1874 1875)
4(917 916 1876 1877)
4(919 918 1878 1879)
4(921 920 1880 1881)
4(923 922 1882 1883)
4(925 924 1884 1885)
4(927 926 1886 1887)
4(929 928 1888 1889)
4(931 930 1890 1891)
4(933 932 1892 1893)
4(935 934 1894 1895)
4(937 936 1896 1897)
4(939 938 1898 1899)
4(941 940 1900 1901)
4(943 942 1902 1903)
4(945 944 1904 1905)
4(947 946 1906 1907)
4(949 948 1908 1909)
4(951 950 1910 1911)
4(953 952 1912 1913)
4(955 954 1914 1915)
4(957 956 1916 1917)
4(959 958 1918 1919)
4(2 3 963 962)
4(5 2 962 965)
4(7 5 965 967)
4(9 7 967 969)
4(11 9 969 971)
4(13 11 971 973)
4(15 13 973 975)
4(17 15 975 977)
4(19 17 977 979)
4(21 19 979 981)
4(23 21 981 983)
4(25 23 983 985)
4(27 25 985 987)
4(29 27 987 989)
4(31 29 989 991)
4(33 31 991 993)
4(35 33 993 995)
4(37 35 995 997)
4(39 37 997 999)
4(41 39 999 1001)
4(43 41 1001 1003)
4(45 43 1003 1005)
4(47 45 1005 1007)
4(49 47 1007 1009)
4(51 49 1009 1011)
4(53 51 1011 1013)
4(55 53 1013 1015)
4(57 55 1015 1017)
4(59 57 1017 1019)
4(61 59 1019 1021)
4(63 61 1021 1023)
4(65 63 1023 1025)
4(67 65 1025 1027)
4(69 67 1027 1029)
4(71 69 1029 1031)
4(73 71 1031 1033)
4(75 73 1033 1035)
4(77 75 1035 1037)
4(79 77 1037 1039)
4(81 79 1039 1041)
4(83 81 1041 1043)
4(85 83 1043 1045)
4(87 85 1045 1047)
4(89 87 1047 1049)
4(91 89 1049 1051)
4(93 91 1051 1053)
4(95 93 1053 1055)
4(97 95 1055 1057)
4(99 97 1057 1059)
4(101 99 1059 1061)
4(103 101 1061 1063)
4(105 103 1063 1065)
4(107 105 1065 1067)
4(109 107 1067 1069)
4(111 109 1069 1071)
4(113 111 1071 1073)
4(115 113 1073 1075)
4(117 115 1075 1077)
4(119 117 1077 1079)
4(121 119 1079 1081)
4(123 121 1081 1083)
4(125 123 1083 1085)
4(127 125 1085 1087)
4(129 127 1087 1089)
4(131 129 1089 1091)
4(133 131 1091 1093)
4(135 133 1093 1095)
4(137 135 1095 1097)
4(139 137 1097 1099)
4(141 139 1099 1101)
4(143 141 1101 1103)
4(145 143 1103 1105)
4(147 145 1105 1107)
4(149 147 1107 1109)
4(151 149 1109 1111)
4(153 151 1111 1113)
4(155 153 1113 1115)
4(157 155 1115 1117)
4(159 157 1117 1119)
4(161 159 1119 1121)
4(163 161 1121 1123)
4(165 163 1123 1125)
4(167 165 1125 1127)
4(169 167 1127 1129)
4(171 169 1129 1131)
4(173 171 1131 1133)
4(175 173 1133 1135)
4(177 175 1135 1137)
4(179 177 1137 1139)
4(181 179 1139 1141)
4(183 181 1141 1143)
4(185 183 1143 1145)
4(187 185 1145 1147)
4(189 187 1147 1149)
4(191 189 1149 1151)
4(193 191 1151 1153)
4(195 193 1153 1155)
4(197 195 1155 1157)
4(199 197 1157 1159)
4(201 199 1159 1161)
4(203 201 1161 1163)
4(205 203 1163 1165)
4(207 205 1165 1167)
4(209 207 1167 1169)
4(211 209 1169 1171)
4(213 211 1171 1173)
4(215 213 1173 1175)
4(217 215 1175 1177)
4(219 217 1177 1179)
4(221 219 1179 1181)
4(223 221 1181 1183)
4(225 223 1183 1185)
4(227 225 1185 1187)
4(229 227 1187 1189)
4(231 229 1189 1191)
4(233 231 1191 1193)
4(235 233 1193 1195)
4(237 235 1195 1197)
4(239 237 1197 1199)
4(241 239 1199 1201)
4(244 245 1205 1204)
4(247 244 1204 1207)
4(249 247 1207 1209)
4(251 249 1209 1211)
4(253 251 1211 1213)
4(255 253 1213 1215)
4(257 255 1215 1217)
4(259 257 1217 1219)
4(261 259 1219 1221)
4(263 261 1221 1223)
4(265 263 1223 1225)
4(267 265 1225 1227)
4(269 267 1227 1229)
4(271 269 1229 1231)
4(273 271 1231 1233)
4(275 273 1233 1235)
4(277 275 1235 1237)
4(279 277 1237 1239)
4(281 279 1239 1241)
4(283 281 1241 1243)
4(285 283 1243 1245)
4(287 285 1245 1247)
4(289 287 1247 1249)
4(291 289 1249 1251)
4(293 291 1251 1253)
4(295 293 1253 1255)
4(297 295 1255 1257)
4(299 297 1257 1259)
4(301 299 1259 1261)
4(303 301 1261 1263)
4(305 303 1263 1265)
4(307 305 1265 1267)
4(309 307 1267 1269)
4(311 309 1269 1271)
4(313 311 1271 1273)
4(315 313 1273 1275)
4(317 315 1275 1277)
4(319 317 1277 1279)
4(321 319 1279 1281)
4(323 321 1281 1283)
4(325 323 1283 1285)
4(327 325 1285 1287)
4(329 327 1287 1289)
4(331 329 1289 1291)
4(333 331 1291 1293)
4(335 333 1293 1295)
4(337 335 1295 1297)
4(339 337 1297 1299)
4(341 339 1299 1301)
4(343 341 1301 1303)
4(345 343 1303 1305)
4(347 345 1305 1307)
4(349 347 1307 1309)
4(351 349 1309 1311)
4(353 351 1311 1313)
4(355 353 1313 1315)
4(357 355 1315 1317)
4(359 357 1317 1319)
4(361 359 1319 1321)
4(363 361 1321 1323)
4(365 363 1323 1325)
4(367 365 1325 1327)
4(369 367 1327 1329)
4(371 369 1329 1331)
4(373 371 1331 1333)
4(375 373 1333 1335)
4(377 375 1335 1337)
4(379 377 1337 1339)
4(381 379 1339 1341)
4(383 381 1341 1343)
4(385 383 1343 1345)
4(387 385 1345 1347)
4(389 387 1347 1349)
4(391 389 1349 1351)
4(393 391 1351 1353)
4(395 393 1353 1355)
4(397 395 1355 1357)
4(399 397 1357 1359)
4(401 399 1359 1361)
4(403 401 1361 1363)
4(405 403 1363 1365)
4(407 405 1365 1367)
4(409 407 1367 1369)
4(411 409 1369 1371)
4(413 411 1371 1373)
4(415 413 1373 1375)
4(417 415 1375 1377)
4(419 417 1377 1379)
4(421 419 1379 1381)
4(423 421 1381 1383)
4(425 423 1383 1385)
4(427 425 1385 1387)
4(429 427 1387 1389)
4(431 429 1389 1391)
4(433 431 1391 1393)
4(435 433 1393 1395)
4(437 435 1395 1397)
4(439 437 1397 1399)
4(441 439 1399 1401)
4(443 441 1401 1403)
4(445 443 1403 1405)
4(447 445 1405 1407)
4(449 447 1407 1409)
4(451 449 1409 1411)
4(453 451 1411 1413)
4(455 453 1413 1415)
4(457 455 1415 1417)
4(459 457 1417 1419)
4(461 459 1419 1421)
4(463 461 1421 1423)
4(465 463 1423 1425)
4(467 465 1425 1427)
4(469 467 1427 1429)
4(471 469 1429 1431)
4(473 471 1431 1433)
4(475 473 1433 1435)
4(477 475 1435 1437)
4(479 477 1437 1439)
4(481 479 1439 1441)
4(3 481 1441 963)
4(484 485 1445 1444)
4(485 487 1447 1445)
4(487 489 1449 1447)
4(489 491 1451 1449)
4(491 493 1453 1451)
4(493 495 1455 1453)
4(495 497 1457 1455)
4(497 499 1459 1457)
4(499 501 1461 1459)
4(501 503 1463 1461)
4(503 505 1465 1463)
4(505 507 1467 1465)
4(507 509 1469 1467)
4(509 511 1471 1469)
4(511 513 1473 1471)
4(513 515 1475 1473)
4(515 517 1477 1475)
4(517 519 1479 1477)
4(519 521 1481 1479)
4(521 523 1483 1481)
4(523 525 1485 1483)
4(525 527 1487 1485)
4(527 529 1489 1487)
4(529 531 1491 1489)
4(531 533 1493 1491)
4(533 535 1495 1493)
4(535 537 1497 1495)
4(537 539 1499 1497)
4(539 541 1501 1499)
4(541 543 1503 1501)
4(543 545 1505 1503)
4(545 547 1507 1505)
4(547 549 1509 1507)
4(549 551 1511 1509)
4(551 553 1513 1511)
4(553 555 1515 1513)
4(555 557 1517 1515)
4(557 559 1519 1517)
4(559 561 1521 1519)
4(561 563 1523 1521)
4(563 565 1525 1523)
4(565 567 1527 1525)
4(567 569 1529 1527)
4(569 571 1531 1529)
4(571 573 1533 1531)
4(573 575 1535 1533)
4(575 577 1537 1535)
4(577 579 1539 1537)
4(579 581 1541 1539)
4(581 583 1543 1541)
4(583 585 1545 1543)
4(585 587 1547 1545)
4(587 589 1549 1547)
4(589 591 1551 1549)
4(591 593 1553 1551)
4(593 595 1555 1553)
4(595 597 1557 1555)
4(597 599 1559 1557)
4(599 601 1561 1559)
4(601 603 1563 1561)
4(603 605 1565 1563)
4(605 607 1567 1565)
4(607 609 1569 1567)
4(609 611 1571 1569)
4(611 613 1573 1571)
4(613 615 1575 1573)
4(615 617 1577 1575)
4(617 619 1579 1577)
4(619 621 1581 1579)
4(621 623 1583 1581)
4(623 625 1585 1583)
4(625 627 1587 1585)
4(627 629 1589 1587)
4(629 631 1591 1589)
4(631 633 1593 1591)
4(633 635 1595 1593)
4(635 637 1597 1595)
4(637 639 1599 1597)
4(639 641 1601 1599)
4(641 643 1603 1601)
4(643 645 1605 1603)
4(645 647 1607 1605)
4(647 649 1609 1607)
4(649 651 1611 1609)
4(651 653 1613 1611)
4(653 655 1615 1613)
4(655 657 1617 1615)
4(657 659 1619 1617)
4(659 661 1621 1619)
4(661 663 1623 1621)
4(663 665 1625 1623)
4(665 667 1627 1625)
4(667 669 1629 1627)
4(669 671 1631 1629)
4(671 673 1633 1631)
4(673 675 1635 1633)
4(675 677 1637 1635)
4(677 679 1639 1637)
4(679 681 1641 1639)
4(681 683 1643 1641)
4(683 685 1645 1643)
4(685 687 1647 1645)
4(687 689 1649 1647)
4(689 691 1651 1649)
4(691 693 1653 1651)
4(693 695 1655 1653)
4(695 697 1657 1655)
4(697 699 1659 1657)
4(699 701 1661 1659)
4(701 703 1663 1661)
4(703 705 1665 1663)
4(705 707 1667 1665)
4(707 709 1669 1667)
4(709 711 1671 1669)
4(711 713 1673 1671)
4(713 715 1675 1673)
4(715 717 1677 1675)
4(717 719 1679 1677)
4(719 721 1681 1679)
4(721 241 1201 1681)
4(245 723 1683 1205)
4(723 725 1685 1683)
4(725 727 1687 1685)
4(727 729 1689 1687)
4(729 731 1691 1689)
4(731 733 1693 1691)
4(733 735 1695 1693)
4(735 737 1697 1695)
4(737 739 1699 1697)
4(739 741 1701 1699)
4(741 743 1703 1701)
4(743 745 1705 1703)
4(745 747 1707 1705)
4(747 749 1709 1707)
4(749 751 1711 1709)
4(751 753 1713 1711)
4(753 755 1715 1713)
4(755 757 1717 1715)
4(757 759 1719 1717)
4(759 761 1721 1719)
4(761 763 1723 1721)
4(763 765 1725 1723)
4(765 767 1727 1725)
4(767 769 1729 1727)
4(769 771 1731 1729)
4(771 773 1733 1731)
4(773 775 1735 1733)
4(775 777 1737 1735)
4(777 779 1739 1737)
4(779 781 1741 1739)
4(781 783 1743 1741)
4(783 785 1745 1743)
4(785 787 1747 1745)
4(787 789 1749 1747)
4(789 791 1751 1749)
4(791 793 1753 1751)
4(793 795 1755 1753)
4(795 797 1757 1755)
4(797 799 1759 1757)
4(799 801 1761 1759)
4(801 803 1763 1761)
4(803 805 1765 1763)
4(805 807 1767 1765)
4(807 809 1769 1767)
4(809 811 1771 1769)
4(811 813 1773 1771)
4(813 815 1775 1773)
4(815 817 1777 1775)
4(817 819 1779 1777)
4(819 821 1781 1779)
4(821 823 1783 1781)
4(823 825 1785 1783)
4(825 827 1787 1785)
4(827 829 1789 1787)
4(829 831 1791 1789)
4(831 833 1793 1791)
4(833 835 1795 1793)
4(835 837 1797 1795)
4(837 839 1799 1797)
4(839 841 1801 1799)
4(841 843 1803 1801)
4(843 845 1805 1803)
4(845 847 1807 1805)
4(847 849 1809 1807)
4(849 851 1811 1809)
4(851 853 1813 1811)
4(853 855 1815 1813)
4(855 857 1817 1815)
4(857 859 1819 1817)
4(859 861 1821 1819)
4(861 863 1823 1821)
4(863 865 1825 1823)
4(865 867 1827 1825)
4(867 869 1829 1827)
4(869 871 1831 1829)
4(871 873 1833 1831)
4(873 875 1835 1833)
4(875 877 1837 1835)
4(877 879 1839 1837)
4(879 881 1841 1839)
4(881 883 1843 1841)
4(883 885 1845 1843)
4(885 887 1847 1845)
4(887 889 1849 1847)
4(889 891 1851 1849)
4(891 893 1853 1851)
4(893 895 1855 1853)
4(895 897 1857 1855)
4(897 899 1859 1857)
4(899 901 1861 1859)
4(901 903 1863 1861)
4(903 905 1865 1863)
4(905 907 1867 1865)
4(907 909 1869 1867)
4(909 911 1871 1869)
4(911 913 1873 1871)
4(913 915 1875 1873)
4(915 917 1877 1875)
4(917 919 1879 1877)
4(919 921 1881 1879)
4(921 923 1883 1881)
4(923 925 1885 1883)
4(925 927 1887 1885)
4(927 929 1889 1887)
4(929 931 1891 1889)
4(931 933 1893 1891)
4(933 935 1895 1893)
4(935 937 1897 1895)
4(937 939 1899 1897)
4(939 941 1901 1899)
4(941 943 1903 1901)
4(943 945 1905 1903)
4(945 947 1907 1905)
4(947 949 1909 1907)
4(949 951 1911 1909)
4(951 953 1913 1911)
4(953 955 1915 1913)
4(955 957 1917 1915)
4(957 959 1919 1917)
4(959 484 1444 1919)
4(0 1 961 960)
4(1 4 964 961)
4(4 6 966 964)
4(6 8 968 966)
4(8 10 970 968)
4(10 12 972 970)
4(12 14 974 972)
4(14 16 976 974)
4(16 18 978 976)
4(18 20 980 978)
4(20 22 982 980)
4(22 24 984 982)
4(24 26 986 984)
4(26 28 988 986)
4(28 30 990 988)
4(30 32 992 990)
4(32 34 994 992)
4(34 36 996 994)
4(36 38 998 996)
4(38 40 1000 998)
4(40 42 1002 1000)
4(42 44 1004 1002)
4(44 46 1006 1004)
4(46 48 1008 1006)
4(48 50 1010 1008)
4(50 52 1012 1010)
4(52 54 1014 1012)
4(54 56 1016 1014)
4(56 58 1018 1016)
4(58 60 1020 1018)
4(60 62 1022 1020)
4(62 64 1024 1022)
4(64 66 1026 1024)
4(66 68 1028 1026)
4(68 70 1030 1028)
4(70 72 1032 1030)
4(72 74 1034 1032)
4(74 76 1036 1034)
4(76 78 1038 1036)
4(78 80 1040 1038)
4(80 82 1042 1040)
4(82 84 1044 1042)
4(84 86 1046 1044)
4(86 88 1048 1046)
4(88 90 1050 1048)
4(90 92 1052 1050)
4(92 94 1054 1052)
4(94 96 1056 1054)
4(96 98 1058 1056)
4(98 100 1060 1058)
4(100 102 1062 1060)
4(102 104 1064 1062)
4(104 106 1066 1064)
4(106 108 1068 1066)
4(108 110 1070 1068)
4(110 112 1072 1070)
4(112 114 1074 1072)
4(114 116 1076 1074)
4(116 118 1078 1076)
4(118 120 1080 1078)
4(120 122 1082 1080)
4(122 124 1084 1082)
4(124 126 1086 1084)
4(126 128 1088 1086)
4(128 130 1090 1088)
4(130 132 1092 1090)
4(132 134 1094 1092)
4(134 136 1096 1094)
4(136 138 1098 1096)
4(138 140 1100 1098)
4(140 142 1102 1100)
4(142 144 1104 1102)
4(144 146 1106 1104)
4(146 148 1108 1106)
4(148 150 1110 1108)
4(150 152 1112 1110)
4(152 154 1114 1112)
4(154 156 1116 1114)
4(156 158 1118 1116)
4(158 160 1120 1118)
4(160 162 1122 1120)
4(162 164 1124 1122)
4(164 166 1126 1124)
4(166 168 1128 1126)
4(168 170 1130 1128)
4(170 172 1132 1130)
4(172 174 1134 1132)
4(174 176 1136 1134)
4(176 178 1138 1136)
4(178 180 1140 1138)
4(180 182 1142 1140)
4(182 184 1144 1142)
4(184 186 1146 1144)
4(186 188 1148 1146)
4(188 190 1150 1148)
4(190 192 1152 1150)
4(192 194 1154 1152)
4(194 196 1156 1154)
4(196 198 1158 1156)
4(198 200 1160 1158)
4(200 202 1162 1160)
4(202 204 1164 1162)
4(204 206 1166 1164)
4(206 208 1168 1166)
4(208 210 1170 1168)
4(210 212 1172 1170)
4(212 214 1174 1172)
4(214 216 1176 1174)
4(216 218 1178 1176)
4(218 220 1180 1178)
4(220 222 1182 1180)
4(222 224 1184 1182)
4(224 226 1186 1184)
4(226 228 1188 1186)
4(228 230 1190 1188)
4(230 232 1192 1190)
4(232 234 1194 1192)
4(234 236 1196 1194)
4(236 238 1198 1196)
4(238 240 1200 1198)
4(242 243 1203 1202)
4(243 246 1206 1203)
4(246 248 1208 1206)
4(248 250 1210 1208)
4(250 252 1212 1210)
4(252 254 1214 1212)
4(254 256 1216 1214)
4(256 258 1218 1216)
4(258 260 1220 1218)
4(260 262 1222 1220)
4(262 264 1224 1222)
4(264 266 1226 1224)
4(266 268 1228 1226)
4(268 270 1230 1228)
4(270 272 1232 1230)
4(272 274 1234 1232)
4(274 276 1236 1234)
4(276 278 1238 1236)
4(278 280 1240 1238)
4(280 282 1242 1240)
4(282 284 1244 1242)
4(284 286 1246 1244)
4(286 288 1248 1246)
4(288 290 1250 1248)
4(290 292 1252 1250)
4(292 294 1254 1252)
4(294 296 1256 1254)
4(296 298 1258 1256)
4(298 300 1260 1258)
4(300 302 1262 1260)
4(302 304 1264 1262)
4(304 306 1266 1264)
4(306 308 1268 1266)
4(308 310 1270 1268)
4(310 312 1272 1270)
4(312 314 1274 1272)
4(314 316 1276 1274)
4(316 318 1278 1276)
4(318 320 1280 1278)
4(320 322 1282 1280)
4(322 324 1284 1282)
4(324 326 1286 1284)
4(326 328 1288 1286)
4(328 330 1290 1288)
4(330 332 1292 1290)
4(332 334 1294 1292)
4(334 336 1296 1294)
4(336 338 1298 1296)
4(338 340 1300 1298)
4(340 342 1302 1300)
4(342 344 1304 1302)
4(344 346 1306 1304)
4(346 348 1308 1306)
4(348 350 1310 1308)
4(350 352 1312 1310)
4(352 354 1314 1312)
4(354 356 1316 1314)
4(356 358 1318 1316)
4(358 360 1320 1318)
4(360 362 1322 1320)
4(362 364 1324 1322)
4(364 366 1326 1324)
4(366 368 1328 1326)
4(368 370 1330 1328)
4(370 372 1332 1330)
4(372 374 1334 1332)
4(374 376 1336 1334)
4(376 378 1338 1336)
4(378 380 1340 1338)
4(380 382 1342 1340)
4(382 384 1344 1342)
4(384 386 1346 1344)
4(386 388 1348 1346)
4(388 390 1350 1348)
4(390 392 1352 1350)
4(392 394 1354 1352)
4(394 396 1356 1354)
4(396 398 1358 1356)
4(398 400 1360 1358)
4(400 402 1362 1360)
4(402 404 1364 1362)
4(404 406 1366 1364)
4(406 408 1368 1366)
4(408 410 1370 1368)
4(410 412 1372 1370)
4(412 414 1374 1372)
4(414 416 1376 1374)
4(416 418 1378 1376)
4(418 420 1380 1378)
4(420 422 1382 1380)
4(422 424 1384 1382)
4(424 426 1386 1384)
4(426 428 1388 1386)
4(428 430 1390 1388)
4(430 432 1392 1390)
4(432 434 1394 1392)
4(434 436 1396 1394)
4(436 438 1398 1396)
4(438 440 1400 1398)
4(440 442 1402 1400)
4(442 444 1404 1402)
4(444 446 1406 1404)
4(446 448 1408 1406)
4(448 450 1410 1408)
4(450 452 1412 1410)
4(452 454 1414 1412)
4(454 456 1416 1414)
4(456 458 1418 1416)
4(458 460 1420 1418)
4(460 462 1422 1420)
4(462 464 1424 1422)
4(464 466 1426 1424)
4(466 468 1428 1426)
4(468 470 1430 1428)
4(470 472 1432 1430)
4(472 474 1434 1432)
4(474 476 1436 1434)
4(476 478 1438 1436)
4(478 480 1440 1438)
4(480 0 960 1440)
4(482 483 1443 1442)
4(486 482 1442 1446)
4(488 486 1446 1448)
4(490 488 1448 1450)
4(492 490 1450 1452)
4(494 492 1452 1454)
4(496 494 1454 1456)
4(498 496 1456 1458)
4(500 498 1458 1460)
4(502 500 1460 1462)
4(504 502 1462 1464)
4(506 504 1464 1466)
4(508 506 1466 1468)
4(510 508 1468 1470)
4(512 510 1470 1472)
4(514 512 1472 1474)
4(516 514 1474 1476)
4(518 516 1476 1478)
4(520 518 1478 1480)
4(522 520 1480 1482)
4(524 522 1482 1484)
4(526 524 1484 1486)
4(528 526 1486 1488)
4(530 528 1488 1490)
4(532 530 1490 1492)
4(534 532 1492 1494)
4(536 534 1494 1496)
4(538 536 1496 1498)
4(540 538 1498 1500)
4(542 540 1500 1502)
4(544 542 1502 1504)
4(546 544 1504 1506)
4(548 546 1506 1508)
4(550 548 1508 1510)
4(552 550 1510 1512)
4(554 552 1512 1514)
4(556 554 1514 1516)
4(558 556 1516 1518)
4(560 558 1518 1520)
4(562 560 1520 1522)
4(564 562 1522 1524)
4(566 564 1524 1526)
4(568 566 1526 1528)
4(570 568 1528 1530)
4(572 570 1530 1532)
4(574 572 1532 1534)
4(576 574 1534 1536)
4(578 576 1536 1538)
4(580 578 1538 1540)
4(582 580 1540 1542)
4(584 582 1542 1544)
4(586 584 1544 1546)
4(588 586 1546 1548)
4(590 588 1548 1550)
4(592 590 1550 1552)
4(594 592 1552 1554)
4(596 594 1554 1556)
4(598 596 1556 1558)
4(600 598 1558 1560)
4(602 600 1560 1562)
4(604 602 1562 1564)
4(606 604 1564 1566)
4(608 606 1566 1568)
4(610 608 1568 1570)
4(612 610 1570 1572)
4(614 612 1572 1574)
4(616 614 1574 1576)
4(618 616 1576 1578)
4(620 618 1578 1580)
4(622 620 1580 1582)
4(624 622 1582 1584)
4(626 624 1584 1586)
4(628 626 1586 1588)
4(630 628 1588 1590)
4(632 630 1590 1592)
4(634 632 1592 1594)
4(636 634 1594 1596)
4(638 636 1596 1598)
4(640 638 1598 1600)
4(642 640 1600 1602)
4(644 642 1602 1604)
4(646 644 1604 1606)
4(648 646 1606 1608)
4(650 648 1608 1610)
4(652 650 1610 1612)
4(654 652 1612 1614)
4(656 654 1614 1616)
4(658 656 1616 1618)
4(660 658 1618 1620)
4(662 660 1620 1622)
4(664 662 1622 1624)
4(666 664 1624 1626)
4(668 666 1626 1628)
4(670 668 1628 1630)
4(672 670 1630 1632)
4(674 672 1632 1634)
4(676 674 1634 1636)
4(678 676 1636 1638)
4(680 678 1638 1640)
4(682 680 1640 1642)
4(684 682 1642 1644)
4(686 684 1644 1646)
4(688 686 1646 1648)
4(690 688 1648 1650)
4(692 690 1650 1652)
4(694 692 1652 1654)
4(696 694 1654 1656)
4(698 696 1656 1658)
4(700 698 1658 1660)
4(702 700 1660 1662)
4(704 702 1662 1664)
4(706 704 1664 1666)
4(708 706 1666 1668)
4(710 708 1668 1670)
4(712 710 1670 1672)
4(714 712 1672 1674)
4(716 714 1674 1676)
4(718 716 1676 1678)
4(720 718 1678 1680)
4(240 720 1680 1200)
4(722 242 1202 1682)
4(724 722 1682 1684)
4(726 724 1684 1686)
4(728 726 1686 1688)
4(730 728 1688 1690)
4(732 730 1690 1692)
4(734 732 1692 1694)
4(736 734 1694 1696)
4(738 736 1696 1698)
4(740 738 1698 1700)
4(742 740 1700 1702)
4(744 742 1702 1704)
4(746 744 1704 1706)
4(748 746 1706 1708)
4(750 748 1708 1710)
4(752 750 1710 1712)
4(754 752 1712 1714)
4(756 754 1714 1716)
4(758 756 1716 1718)
4(760 758 1718 1720)
4(762 760 1720 1722)
4(764 762 1722 1724)
4(766 764 1724 1726)
4(768 766 1726 1728)
4(770 768 1728 1730)
4(772 770 1730 1732)
4(774 772 1732 1734)
4(776 774 1734 1736)
4(778 776 1736 1738)
4(780 778 1738 1740)
4(782 780 1740 1742)
4(784 782 1742 1744)
4(786 784 1744 1746)
4(788 786 1746 1748)
4(790 788 1748 1750)
4(792 790 1750 1752)
4(794 792 1752 1754)
4(796 794 1754 1756)
4(798 796 1756 1758)
4(800 798 1758 1760)
4(802 800 1760 1762)
4(804 802 1762 1764)
4(806 804 1764 1766)
4(808 806 1766 1768)
4(810 808 1768 1770)
4(812 810 1770 1772)
4(814 812 1772 1774)
4(816 814 1774 1776)
4(818 816 1776 1778)
4(820 818 1778 1780)
4(822 820 1780 1782)
4(824 822 1782 1784)
4(826 824 1784 1786)
4(828 826 1786 1788)
4(830 828 1788 1790)
4(832 830 1790 1792)
4(834 832 1792 1794)
4(836 834 1794 1796)
4(838 836 1796 1798)
4(840 838 1798 1800)
4(842 840 1800 1802)
4(844 842 1802 1804)
4(846 844 1804 1806)
4(848 846 1806 1808)
4(850 848 1808 1810)
4(852 850 1810 1812)
4(854 852 1812 1814)
4(856 854 1814 1816)
4(858 856 1816 1818)
4(860 858 1818 1820)
4(862 860 1820 1822)
4(864 862 1822 1824)
4(866 864 1824 1826)
4(868 866 1826 1828)
4(870 868 1828 1830)
4(872 870 1830 1832)
4(874 872 1832 1834)
4(876 874 1834 1836)
4(878 876 1836 1838)
4(880 878 1838 1840)
4(882 880 1840 1842)
4(884 882 1842 1844)
4(886 884 1844 1846)
4(888 886 1846 1848)
4(890 888 1848 1850)
4(892 890 1850 1852)
4(894 892 1852 1854)
4(896 894 1854 1856)
4(898 896 1856 1858)
4(900 898 1858 1860)
4(902 900 1860 1862)
4(904 902 1862 1864)
4(906 904 1864 1866)
4(908 906 1866 1868)
4(910 908 1868 1870)
4(912 910 1870 1872)
4(914 912 1872 1874)
4(916 914 1874 1876)
4(918 916 1876 1878)
4(920 918 1878 1880)
4(922 920 1880 1882)
4(924 922 1882 1884)
4(926 924 1884 1886)
4(928 926 1886 1888)
4(930 928 1888 1890)
4(932 930 1890 1892)
4(934 932 1892 1894)
4(936 934 1894 1896)
4(938 936 1896 1898)
4(940 938 1898 1900)
4(942 940 1900 1902)
4(944 942 1902 1904)
4(946 944 1904 1906)
4(948 946 1906 1908)
4(950 948 1908 1910)
4(952 950 1910 1912)
4(954 952 1912 1914)
4(956 954 1914 1916)
4(958 956 1916 1918)
4(483 958 1918 1443)
4(960 961 962 963)
4(961 964 965 962)
4(964 966 967 965)
4(966 968 969 967)
4(968 970 971 969)
4(970 972 973 971)
4(972 974 975 973)
4(974 976 977 975)
4(976 978 979 977)
4(978 980 981 979)
4(980 982 983 981)
4(982 984 985 983)
4(984 986 987 985)
4(986 988 989 987)
4(988 990 991 989)
4(990 992 993 991)
4(992 994 995 993)
4(994 996 997 995)
4(996 998 999 997)
4(998 1000 1001 999)
4(1000 1002 1003 1001)
4(1002 1004 1005 1003)
4(1004 1006 1007 1005)
4(1006 1008 1009 1007)
4(1008 1010 1011 1009)
4(1010 1012 1013 1011)
4(1012 1014 1015 1013)
4(1014 1016 1017 1015)
4(1016 1018 1019 1017)
4(1018 1020 1021 1019)
4(1020 1022 1023 1021)
4(1022 1024 1025 1023)
4(1024 1026 1027 1025)
4(1026 1028 1029 1027)
4(1028 1030 1031 1029)
4(1030 1032 1033 1031)
4(1032 1034 1035 1033)
4(1034 1036 1037 1035)
4(1036 1038 1039 1037)
4(1038 1040 1041 1039)
4(1040 1042 1043 1041)
4(1042 1044 1045 1043)
4(1044 1046 1047 1045)
4(1046 1048 1049 1047)
4(1048 1050 1051 1049)
4(1050 1052 1053 1051)
4(1052 1054 1055 1053)
4(1054 1056 1057 1055)
4(1056 1058 1059 1057)
4(1058 1060 1061 1059)
4(1060 1062 1063 1061)
4(1062 1064 1065 1063)
4(1064 1066 1067 1065)
4(1066 1068 1069 1067)
4(1068 1070 1071 1069)
4(1070 1072 1073 1071)
4(1072 1074 1075 1073)
4(1074 1076 1077 1075)
4(1076 1078 1079 1077)
4(1078 1080 1081 1079)
4(1080 1082 1083 1081)
4(1082 1084 1085 1083)
4(1084 1086 1087 1085)
4(1086 1088 1089 1087)
4(1088 1090 1091 1089)
4(1090 1092 1093 1091)
4(1092 1094 1095 1093)
4(1094 1096 1097 1095)
4(1096 1098 1099 1097)
4(1098 1100 1101 1099)
4(1100 1102 1103 1101)
4(1102 1104 1105 1103)
4(1104 1106 1107 1105)
4(1106 1108 1109 1107)
4(1108 1110 1111 1109)
4(1110 1112 1113 1111)
4(1112 1114 1115 1113)
4(1114 1116 1117 1115)
4(1116 1118 1119 1117)
4(1118 1120 1121 1119)
4(1120 1122 1123 1121)
4(1122 1124 1125 1123)
4(1124 1126 1127 1125)
4(1126 1128 1129 1127)
4(1128 1130 1131 1129)
4(1130 1132 1133 1131)
4(1132 1134 1135 1133)
4(1134 1136 1137 1135)
4(1136 1138 1139 1137)
4(1138 1140 1141 1139)
4(1140 1142 1143 1141)
4(1142 1144 1145 1143)
4(1144 1146 1147 1145)
4(1146 1148 1149 1147)
4(1148 1150 1151 1149)
4(1150 1152 1153 1151)
4(1152 1154 1155 1153)
4(1154 1156 1157 1155)
4(1156 1158 1159 1157)
4(1158 1160 1161 1159)
4(1160 1162 1163 1161)
4(1162 1164 1165 1163)
4(1164 1166 1167 1165)
4(1166 1168 1169 1167)
4(1168 1170 1171 1169)
4(1170 1172 1173 1171)
4(1172 1174 1175 1173)
4(1174 1176 1177 1175)
4(1176 1178 1179 1177)
4(1178 1180 1181 1179)
4(1180 1182 1183 1181)
4(1182 1184 1185 1183)
4(1184 1186 1187 1185)
4(1186 1188 1189 1187)
4(1188 1190 1191 1189)
4(1190 1192 1193 1191)
4(1192 1194 1195 1193)
4(1194 1196 1197 1195)
4(1196 1198 1199 1197)
4(1198 1200 1201 1199)
4(1202 1203 1204 1205)
4(1203 1206 1207 1204)
4(1206 1208 1209 1207)
4(1208 1210 1211 1209)
4(1210 1212 1213 1211)
4(1212 1214 1215 1213)
4(1214 1216 1217 1215)
4(1216 1218 1219 1217)
4(1218 1220 1221 1219)
4(1220 1222 1223 1221)
4(1222 1224 1225 1223)
4(1224 1226 1227 1225)
4(1226 1228 1229 1227)
4(1228 1230 1231 1229)
4(1230 1232 1233 1231)
4(1232 1234 1235 1233)
4(1234 1236 1237 1235)
4(1236 1238 1239 1237)
4(1238 1240 1241 1239)
4(1240 1242 1243 1241)
4(1242 1244 1245 1243)
4(1244 1246 1247 1245)
4(1246 1248 1249 1247)
4(1248 1250 1251 1249)
4(1250 1252 1253 1251)
4(1252 1254 1255 1253)
4(1254 1256 1257 1255)
4(1256 1258 1259 1257)
4(1258 1260 1261 1259)
4(1260 1262 1263 1261)
4(1262 1264 1265 1263)
4(1264 1266 1267 1265)
4(1266 1268 1269 1267)
4(1268 1270 1271 1269)
4(1270 1272 1273 1271)
4(1272 1274 1275 1273)
4(1274 1276 1277 1275)
4(1276 1278 1279 1277)
4(1278 1280 1281 1279)
4(1280 1282 1283 1281)
4(1282 1284 1285 1283)
4(1284 1286 1287 1285)
4(1286 1288 1289 1287)
4(1288 1290 1291 1289)
4(1290 1292 1293 1291)
4(1292 1294 1295 1293)
4(1294 1296 1297 1295)
4(1296 1298 1299 1297)
4(1298 1300 1301 1299)
4(1300 1302 1303 1301)
4(1302 1304 1305 1303)
4(1304 1306 1307 1305)
4(1306 1308 1309 1307)
4(1308 1310 1311 1309)
4(1310 1312 1313 1311)
4(1312 1314 1315 1313)
4(1314 1316 1317 1315)
4(1316 1318 1319 1317)
4(1318 1320 1321 1319)
4(1320 1322 1323 1321)
4(1322 1324 1325 1323)
4(1324 1326 1327 1325)
4(1326 1328 1329 1327)
4(1328 1330 1331 1329)
4(1330 1332 1333 1331)
4(1332 1334 1335 1333)
4(1334 1336 1337 1335)
4(1336 1338 1339 1337)
4(1338 1340 1341 1339)
4(1340 1342 1343 1341)
4(1342 1344 1345 1343)
4(1344 1346 1347 1345)
4(1346 1348 1349 1347)
4(1348 1350 1351 1349)
4(1350 1352 1353 1351)
4(1352 1354 1355 1353)
4(1354 1356 1357 1355)
4(1356 1358 1359 1357)
4(1358 1360 1361 1359)
4(1360 1362 1363 1361)
4(1362 1364 1365 1363)
4(1364 1366 1367 1365)
4(1366 1368 1369 1367)
4(1368 1370 1371 1369)
4(1370 1372 1373 1371)
4(1372 1374 1375 1373)
4(1374 1376 1377 1375)
4(1376 1378 1379 1377)
4(1378 1380 1381 1379)
4(1380 1382 1383 1381)
4(1382 1384 1385 1383)
4(1384 1386 1387 1385)
4(1386 1388 1389 1387)
4(1388 1390 1391 1389)
4(1390 1392 1393 1391)
4(1392 1394 1395 1393)
4(1394 1396 1397 1395)
4(1396 1398 1399 1397)
4(1398 1400 1401 1399)
4(1400 1402 1403 1401)
4(1402 1404 1405 1403)
4(1404 1406 1407 1405)
4(1406 1408 1409 1407)
4(1408 1410 1411 1409)
4(1410 1412 1413 1411)
4(1412 1414 1415 1413)
4(1414 1416 1417 1415)
4(1416 1418 1419 1417)
4(1418 1420 1421 1419)
4(1420 1422 1423 1421)
4(1422 1424 1425 1423)
4(1424 1426 1427 1425)
4(1426 1428 1429 1427)
4(1428 1430 1431 1429)
4(1430 1432 1433 1431)
4(1432 1434 1435 1433)
4(1434 1436 1437 1435)
4(1436 1438 1439 1437)
4(1438 1440 1441 1439)
4(1440 960 963 1441)
4(1442 1443 1444 1445)
4(1446 1442 1445 1447)
4(1448 1446 1447 1449)
4(1450 1448 1449 1451)
4(1452 1450 1451 1453)
4(1454 1452 1453 1455)
4(1456 1454 1455 1457)
4(1458 1456 1457 1459)
4(1460 1458 1459 1461)
4(1462 1460 1461 1463)
4(1464 1462 1463 1465)
4(1466 1464 1465 1467)
4(1468 1466 1467 1469)
4(1470 1468 1469 1471)
4(1472 1470 1471 1473)
4(1474 1472 1473 1475)
4(1476 1474 1475 1477)
4(1478 1476 1477 1479)
4(1480 1478 1479 1481)
4(1482 1480 1481 1483)
4(1484 1482 1483 1485)
4(1486 1484 1485 1487)
4(1488 1486 1487 1489)
4(1490 1488 1489 1491)
4(1492 1490 1491 1493)
4(1494 1492 1493 1495)
4(1496 1494 1495 1497)
4(1498 1496 1497 1499)
4(1500 1498 1499 1501)
4(1502 1500 1501 1503)
4(1504 1502 1503 1505)
4(1506 1504 1505 1507)
4(1508 1506 1507 1509)
4(1510 1508 1509 1511)
4(1512 1510 1511 1513)
4(1514 1512 1513 1515)
4(1516 1514 1515 1517)
4(1518 1516 1517 1519)
4(1520 1518 1519 1521)
4(1522 1520 1521 1523)
4(1524 1522 1523 1525)
4(1526 1524 1525 1527)
4(1528 1526 1527 1529)
4(1530 1528 1529 1531)
4(1532 1530 1531 1533)
4(1534 1532 1533 1535)
4(1536 1534 1535 1537)
4(1538 1536 1537 1539)
4(1540 1538 1539 1541)
4(1542 1540 1541 1543)
4(1544 1542 1543 1545)
4(1546 1544 1545 1547)
4(1548 1546 1547 1549)
4(1550 1548 1549 1551)
4(1552 1550 1551 1553)
4(1554 1552 1553 1555)
4(1556 1554 1555 1557)
4(1558 1556 1557 1559)
4(1560 1558 1559 1561)
4(1562 1560 1561 1563)
4(1564 1562 1563 1565)
4(1566 1564 1565 1567)
4(1568 1566 1567 1569)
4(1570 1568 1569 1571)
4(1572 1570 1571 1573)
4(1574 1572 1573 1575)
4(1576 1574 1575 1577)
4(1578 1576 1577 1579)
4(1580 1578 1579 1581)
4(1582 1580 1581 1583)
4(1584 1582 1583 1585)
4(1586 1584 1585 1587)
4(1588 1586 1587 1589)
4(1590 1588 1589 1591)
4(1592 1590 1591 1593)
4(1594 1592 1593 1595)
4(1596 1594 1595 1597)
4(1598 1596 1597 1599)
4(1600 1598 1599 1601)
4(1602 1600 1601 1603)
4(1604 1602 1603 1605)
4(1606 1604 1605 1607)
4(1608 1606 1607 1609)
4(1610 1608 1609 1611)
4(1612 1610 1611 1613)
4(1614 1612 1613 1615)
4(1616 1614 1615 1617)
4(1618 1616 1617 1619)
4(1620 1618 1619 1621)
4(1622 1620 1621 1623)
4(1624 1622 1623 1625)
4(1626 1624 1625 1627)
4(1628 1626 1627 1629)
4(1630 1628 1629 1631)
4(1632 1630 1631 1633)
4(1634 1632 1633 1635)
4(1636 1634 1635 1637)
4(1638 1636 1637 1639)
4(1640 1638 1639 1641)
4(1642 1640 1641 1643)
4(1644 1642 1643 1645)
4(1646 1644 1645 1647)
4(1648 1646 1647 1649)
4(1650 1648 1649 1651)
4(1652 1650 1651 1653)
4(1654 1652 1653 1655)
4(1656 1654 1655 1657)
4(1658 1656 1657 1659)
4(1660 1658 1659 1661)
4(1662 1660 1661 1663)
4(1664 1662 1663 1665)
4(1666 1664 1665 1667)
4(1668 1666 1667 1669)
4(1670 1668 1669 1671)
4(1672 1670 1671 1673)
4(1674 1672 1673 1675)
4(1676 1674 1675 1677)
4(1678 1676 1677 1679)
4(1680 1678 1679 1681)
4(1200 1680 1681 1201)
4(1682 1202 1205 1683)
4(1684 1682 1683 1685)
4(1686 1684 1685 1687)
4(1688 1686 1687 1689)
4(1690 1688 1689 1691)
4(1692 1690 1691 1693)
4(1694 1692 1693 1695)
4(1696 1694 1695 1697)
4(1698 1696 1697 1699)
4(1700 1698 1699 1701)
4(1702 1700 1701 1703)
4(1704 1702 1703 1705)
4(1706 1704 1705 1707)
4(1708 1706 1707 1709)
4(1710 1708 1709 1711)
4(1712 1710 1711 1713)
4(1714 1712 1713 1715)
4(1716 1714 1715 1717)
4(1718 1716 1717 1719)
4(1720 1718 1719 1721)
4(1722 1720 1721 1723)
4(1724 1722 1723 1725)
4(1726 1724 1725 1727)
4(1728 1726 1727 1729)
4(1730 1728 1729 1731)
4(1732 1730 1731 1733)
4(1734 1732 1733 1735)
4(1736 1734 1735 1737)
4(1738 1736 1737 1739)
4(1740 1738 1739 1741)
4(1742 1740 1741 1743)
4(1744 1742 1743 1745)
4(1746 1744 1745 1747)
4(1748 1746 1747 1749)
4(1750 1748 1749 1751)
4(1752 1750 1751 1753)
4(1754 1752 1753 1755)
4(1756 1754 1755 1757)
4(1758 1756 1757 1759)
4(1760 1758 1759 1761)
4(1762 1760 1761 1763)
4(1764 1762 1763 1765)
4(1766 1764 1765 1767)
4(1768 1766 1767 1769)
4(1770 1768 1769 1771)
4(1772 1770 1771 1773)
4(1774 1772 1773 1775)
4(1776 1774 1775 1777)
4(1778 1776 1777 1779)
4(1780 1778 1779 1781)
4(1782 1780 1781 1783)
4(1784 1782 1783 1785)
4(1786 1784 1785 1787)
4(1788 1786 1787 1789)
4(1790 1788 1789 1791)
4(1792 1790 1791 1793)
4(1794 1792 1793 1795)
4(1796 1794 1795 1797)
4(1798 1796 1797 1799)
4(1800 1798 1799 1801)
4(1802 1800 1801 1803)
4(1804 1802 1803 1805)
4(1806 1804 1805 1807)
4(1808 1806 1807 1809)
4(1810 1808 1809 1811)
4(1812 1810 1811 1813)
4(1814 1812 1813 1815)
4(1816 1814 1815 1817)
4(1818 1816 1817 1819)
4(1820 1818 1819 1821)
4(1822 1820 1821 1823)
4(1824 1822 1823 1825)
4(1826 1824 1825 1827)
4(1828 1826 1827 1829)
4(1830 1828 1829 1831)
4(1832 1830 1831 1833)
4(1834 1832 1833 1835)
4(1836 1834 1835 1837)
4(1838 1836 1837 1839)
4(1840 1838 1839 1841)
4(1842 1840 1841 1843)
4(1844 1842 1843 1845)
4(1846 1844 1845 1847)
4(1848 1846 1847 1849)
4(1850 1848 1849 1851)
4(1852 1850 1851 1853)
4(1854 1852 1853 1855)
4(1856 1854 1855 1857)
4(1858 1856 1857 1859)
4(1860 1858 1859 1861)
4(1862 1860 1861 1863)
4(1864 1862 1863 1865)
4(1866 1864 1865 1867)
4(1868 1866 1867 1869)
4(1870 1868 1869 1871)
4(1872 1870 1871 1873)
4(1874 1872 1873 1875)
4(1876 1874 1875 1877)
4(1878 1876 1877 1879)
4(1880 1878 1879 1881)
4(1882 1880 1881 1883)
4(1884 1882 1883 1885)
4(1886 1884 1885 1887)
4(1888 1886 1887 1889)
4(1890 1888 1889 1891)
4(1892 1890 1891 1893)
4(1894 1892 1893 1895)
4(1896 1894 1895 1897)
4(1898 1896 1897 1899)
4(1900 1898 1899 1901)
4(1902 1900 1901 1903)
4(1904 1902 1903 1905)
4(1906 1904 1905 1907)
4(1908 1906 1907 1909)
4(1910 1908 1909 1911)
4(1912 1910 1911 1913)
4(1914 1912 1913 1915)
4(1916 1914 1915 1917)
4(1918 1916 1917 1919)
4(1443 1918 1919 1444)
4(0 3 2 1)
4(1 2 5 4)
4(4 5 7 6)
4(6 7 9 8)
4(8 9 11 10)
4(10 11 13 12)
4(12 13 15 14)
4(14 15 17 16)
4(16 17 19 18)
4(18 19 21 20)
4(20 21 23 22)
4(22 23 25 24)
4(24 25 27 26)
4(26 27 29 28)
4(28 29 31 30)
4(30 31 33 32)
4(32 33 35 34)
4(34 35 37 36)
4(36 37 39 38)
4(38 39 41 40)
4(40 41 43 42)
4(42 43 45 44)
4(44 45 47 46)
4(46 47 49 48)
4(48 49 51 50)
4(50 51 53 52)
4(52 53 55 54)
4(54 55 57 56)
4(56 57 59 58)
4(58 59 61 60)
4(60 61 63 62)
4(62 63 65 64)
4(64 65 67 66)
4(66 67 69 68)
4(68 69 71 70)
4(70 71 73 72)
4(72 73 75 74)
4(74 75 77 76)
4(76 77 79 78)
4(78 79 81 80)
4(80 81 83 82)
4(82 83 85 84)
4(84 85 87 86)
4(86 87 89 88)
4(88 89 91 90)
4(90 91 93 92)
4(92 93 95 94)
4(94 95 97 96)
4(96 97 99 98)
4(98 99 101 100)
4(100 101 103 102)
4(102 103 105 104)
4(104 105 107 106)
4(106 107 109 108)
4(108 109 111 110)
4(110 111 113 112)
4(112 113 115 114)
4(114 115 117 116)
4(116 117 119 118)
4(118 119 121 120)
4(120 121 123 122)
4(122 123 125 124)
4(124 125 127 126)
4(126 127 129 128)
4(128 129 131 130)
4(130 131 133 132)
4(132 133 135 134)
4(134 135 137 136)
4(136 137 139 138)
4(138 139 141 140)
4(140 141 143 142)
4(142 143 145 144)
4(144 145 147 146)
4(146 147 149 148)
4(148 149 151 150)
4(150 151 153 152)
4(152 153 155 154)
4(154 155 157 156)
4(156 157 159 158)
4(158 159 161 160)
4(160 161 163 162)
4(162 163 165 164)
4(164 165 167 166)
4(166 167 169 168)
4(168 169 171 170)
4(170 171 173 172)
4(172 173 175 174)
4(174 175 177 176)
4(176 177 179 178)
4(178 179 181 180)
4(180 181 183 182)
4(182 183 185 184)
4(184 185 187 186)
4(186 187 189 188)
4(188 189 191 190)
4(190 191 193 192)
4(192 193 195 194)
4(194 195 197 196)
4(196 197 199 198)
4(198 199 201 200)
4(200 201 203 202)
4(202 203 205 204)
4(204 205 207 206)
4(206 207 209 208)
4(208 209 211 210)
4(210 211 213 212)
4(212 213 215 214)
4(214 215 217 216)
4(216 217 219 218)
4(218 219 221 220)
4(220 221 223 222)
4(222 223 225 224)
4(224 225 227 226)
4(226 227 229 228)
4(228 229 231 230)
4(230 231 233 232)
4(232 233 235 234)
4(234 235 237 236)
4(236 237 239 238)
4(238 239 241 240)
4(242 245 244 243)
4(243 244 247 246)
4(246 247 249 248)
4(248 249 251 250)
4(250 251 253 252)
4(252 253 255 254)
4(254 255 257 256)
4(256 257 259 258)
4(258 259 261 260)
4(260 261 263 262)
4(262 263 265 264)
4(264 265 267 266)
4(266 267 269 268)
4(268 269 271 270)
4(270 271 273 272)
4(272 273 275 274)
4(274 275 277 276)
4(276 277 279 278)
4(278 279 281 280)
4(280 281 283 282)
4(282 283 285 284)
4(284 285 287 286)
4(286 287 289 288)
4(288 289 291 290)
4(290 291 293 292)
4(292 293 295 294)
4(294 295 297 296)
4(296 297 299 298)
4(298 299 301 300)
4(300 301 303 302)
4(302 303 305 304)
4(304 305 307 306)
4(306 307 309 308)
4(308 309 311 310)
4(310 311 313 312)
4(312 313 315 314)
4(314 315 317 316)
4(316 317 319 318)
4(318 319 321 320)
4(320 321 323 322)
4(322 323 325 324)
4(324 325 327 326)
4(326 327 329 328)
4(328 329 331 330)
4(330 331 333 332)
4(332 333 335 334)
4(334 335 337 336)
4(336 337 339 338)
4(338 339 341 340)
4(340 341 343 342)
4(342 343 345 344)
4(344 345 347 346)
4(346 347 349 348)
4(348 349 351 350)
4(350 351 353 352)
4(352 353 355 354)
4(354 355 357 356)
4(356 357 359 358)
4(358 359 361 360)
4(360 361 363 362)
4(362 363 365 364)
4(364 365 367 366)
4(366 367 369 368)
4(368 369 371 370)
4(370 371 373 372)
4(372 373 375 374)
4(374 375 377 376)
4(376 377 379 378)
4(378 379 381 380)
4(380 381 383 382)
4(382 383 385 384)
4(384 385 387 386)
4(386 387 389 388)
4(388 389 391 390)
4(390 391 393 392)
4(392 393 395 394)
4(394 395 397 396)
4(396 397 399 398)
4(398 399 401 400)
4(400 401 403 402)
4(402 403 405 404)
4(404 405 407 406)
4(406 407 409 408)
4(408 409 411 410)
4(410 411 413 412)
4(412 413 415 414)
4(414 415 417 416)
4(416 417 419 418)
4(418 419 421 420)
4(420 421 423 422)
4(422 423 425 424)
4(424 425 427 426)
4(426 427 429 428)
4(428 429 431 430)
4(430 431 433 432)
4(432 433 435 434)
4(434 435 437 436)
4(436 437 439 438)
4(438 439 441 440)
4(440 441 443 442)
4(442 443 445 444)
4(444 445 447 446)
4(446 447 449 448)
4(448 449 451 450)
4(450 451 453 452)
4(452 453 455 454)
4(454 455 457 456)
4(456 457 459 458)
4(458 459 461 460)
4(460 461 463 462)
4(462 463 465 464)
4(464 465 467 466)
4(466 467 469 468)
4(468 469 471 470)
4(470 471 473 472)
4(472 473 475 474)
4(474 475 477 476)
4(476 477 479 478)
4(478 479 481 480)
4(480 481 3 0)
4(482 485 484 483)
4(486 487 485 482)
4(488 489 487 486)
4(490 491 489 488)
4(492 493 491 490)
4(494 495 493 492)
4(496 497 495 494)
4(498 499 497 496)
4(500 501 499 498)
4(502 503 501 500)
4(504 505 503 502)
4(506 507 505 504)
4(508 509 507 506)
4(510 511 509 508)
4(512 513 511 510)
4(514 515 513 512)
4(516 517 515 514)
4(518 519 517 516)
4(520 521 519 518)
4(522 523 521 520)
4(524 525 523 522)
4(526 527 525 524)
4(528 529 527 526)
4(530 531 529 528)
4(532 533 531 530)
4(534 535 533 532)
4(536 537 535 534)
4(538 539 537 536)
4(540 541 539 538)
4(542 543 541 540)
4(544 545 543 542)
4(546 547 545 544)
4(548 549 547 546)
4(550 551 549 548)
4(552 553 551 550)
4(554 555 553 552)
4(556 557 555 554)
4(558 559 557 556)
4(560 561 559 558)
4(562 563 561 560)
4(564 565 563 562)
4(566 567 565 564)
4(568 569 567 566)
4(570 571 569 568)
4(572 573 571 570)
4(574 575 573 572)
4(576 577 575 574)
4(578 579 577 576)
4(580 581 579 578)
4(582 583 581 580)
4(584 585 583 582)
4(586 587 585 584)
4(588 589 587 586)
4(590 591 589 588)
4(592 593 591 590)
4(594 595 593 592)
4(596 597 595 594)
4(598 599 597 596)
4(600 601 599 598)
4(602 603 601 600)
4(604 605 603 602)
4(606 607 605 604)
4(608 609 607 606)
4(610 611 609 608)
4(612 613 611 610)
4(614 615 613 612)
4(616 617 615 614)
4(618 619 617 616)
4(620 621 619 618)
4(622 623 621 620)
4(624 625 623 622)
4(626 627 625 624)
4(628 629 627 626)
4(630 631 629 628)
4(632 633 631 630)
4(634 635 633 632)
4(636 637 635 634)
4(638 639 637 636)
4(640 641 639 638)
4(642 643 641 640)
4(644 645 643 642)
4(646 647 645 644)
4(648 649 647 646)
4(650 651 649 648)
4(652 653 651 650)
4(654 655 653 652)
4(656 657 655 654)
4(658 659 657 656)
4(660 661 659 658)
4(662 663 661 660)
4(664 665 663 662)
4(666 667 665 664)
4(668 669 667 666)
4(670 671 669 668)
4(672 673 671 670)
4(674 675 673 672)
4(676 677 675 674)
4(678 679 677 676)
4(680 681 679 678)
4(682 683 681 680)
4(684 685 683 682)
4(686 687 685 684)
4(688 689 687 686)
4(690 691 689 688)
4(692 693 691 690)
4(694 695 693 692)
4(696 697 695 694)
4(698 699 697 696)
4(700 701 699 698)
4(702 703 701 700)
4(704 705 703 702)
4(706 707 705 704)
4(708 709 707 706)
4(710 711 709 708)
4(712 713 711 710)
4(714 715 713 712)
4(716 717 715 714)
4(718 719 717 716)
4(720 721 719 718)
4(240 241 721 720)
4(722 723 245 242)
4(724 725 723 722)
4(726 727 725 724)
4(728 729 727 726)
4(730 731 729 728)
4(732 733 731 730)
4(734 735 733 732)
4(736 737 735 734)
4(738 739 737 736)
4(740 741 739 738)
4(742 743 741 740)
4(744 745 743 742)
4(746 747 745 744)
4(748 749 747 746)
4(750 751 749 748)
4(752 753 751 750)
4(754 755 753 752)
4(756 757 755 754)
4(758 759 757 756)
4(760 761 759 758)
4(762 763 761 760)
4(764 765 763 762)
4(766 767 765 764)
4(768 769 767 766)
4(770 771 769 768)
4(772 773 771 770)
4(774 775 773 772)
4(776 777 775 774)
4(778 779 777 776)
4(780 781 779 778)
4(782 783 781 780)
4(784 785 783 782)
4(786 787 785 784)
4(788 789 787 786)
4(790 791 789 788)
4(792 793 791 790)
4(794 795 793 792)
4(796 797 795 794)
4(798 799 797 796)
4(800 801 799 798)
4(802 803 801 800)
4(804 805 803 802)
4(806 807 805 804)
4(808 809 807 806)
4(810 811 809 808)
4(812 813 811 810)
4(814 815 813 812)
4(816 817 815 814)
4(818 819 817 816)
4(820 821 819 818)
4(822 823 821 820)
4(824 825 823 822)
4(826 827 825 824)
4(828 829 827 826)
4(830 831 829 828)
4(832 833 831 830)
4(834 835 833 832)
4(836 837 835 834)
4(838 839 837 836)
4(840 841 839 838)
4(842 843 841 840)
4(844 845 843 842)
4(846 847 845 844)
4(848 849 847 846)
4(850 851 849 848)
4(852 853 851 850)
4(854 855 853 852)
4(856 857 855 854)
4(858 859 857 856)
4(860 861 859 858)
4(862 863 861 860)
4(864 865 863 862)
4(866 867 865 864)
4(868 869 867 866)
4(870 871 869 868)
4(872 873 871 870)
4(874 875 873 872)
4(876 877 875 874)
4(878 879 877 876)
4(880 881 879 878)
4(882 883 881 880)
4(884 885 883 882)
4(886 887 885 884)
4(888 889 887 886)
4(890 891 889 888)
4(892 893 891 890)
4(894 895 893 892)
4(896 897 895 894)
4(898 899 897 896)
4(900 901 899 898)
4(902 903 901 900)
4(904 905 903 902)
4(906 907 905 904)
4(908 909 907 906)
4(910 911 909 908)
4(912 913 911 910)
4(914 915 913 912)
4(916 917 915 914)
4(918 919 917 916)
4(920 921 919 918)
4(922 923 921 920)
4(924 925 923 922)
4(926 927 925 924)
4(928 929 927 926)
4(930 931 929 928)
4(932 933 931 930)
4(934 935 933 932)
4(936 937 935 934)
4(938 939 937 936)
4(940 941 939 938)
4(942 943 941 940)
4(944 945 943 942)
4(946 947 945 944)
4(948 949 947 946)
4(950 951 949 948)
4(952 953 951 950)
4(954 955 953 952)
4(956 957 955 954)
4(958 959 957 956)
4(483 484 959 958)
)


// ************************************************************************* //
