/*--------------------------------*- C++ -*----------------------------------*\
| =========                 |                                                 |
| \\      /  F ield         | OpenFOAM: The Open Source CFD Toolbox           |
|  \\    /   O peration     | Version:  v1912                                 |
|   \\  /    A nd           | Website:  www.openfoam.com                      |
|    \\/     M anipulation  |                                                 |
\*---------------------------------------------------------------------------*/
FoamFile
{
    version     2.0;
    format      ascii;
    class       vectorField;
    location    "constant/wallFilmRegion/polyMesh";
    object      points;
}
// * * * * * * * * * * * * * * * * * * * * * * * * * * * * * * * * * * * * * //


1920
(
(0.2985600152428469 0 -0.08118834714097023)
(0.2932107735733982 0 -0.08081794189598121)
(0.2932107735733982 -0.01 -0.08081794189598121)
(0.2985600152428469 -0.01 -0.08118834714097023)
(0.2879343090073827 0 -0.08043948952602424)
(0.2879343090073827 -0.01 -0.08043948952602424)
(0.2827296920891839 0 -0.08005289429552985)
(0.2827296920891839 -0.01 -0.08005289429552985)
(0.2775959244397079 0 -0.07965915845399811)
(0.2775959244397079 -0.01 -0.07965915845399811)
(0.272532101974483 0 -0.07925810432188424)
(0.272532101974483 -0.01 -0.07925810432188424)
(0.267537335545423 0 -0.07884963997927275)
(0.267537335545423 -0.01 -0.07884963997927275)
(0.2626107549157105 0 -0.07843362258875215)
(0.2626107549157105 -0.01 -0.07843362258875215)
(0.2577513889309238 0 -0.07801111500122863)
(0.2577513889309238 -0.01 -0.07801111500122863)
(0.2529583697838698 0 -0.07758219624724277)
(0.2529583697838698 -0.01 -0.07758219624724277)
(0.2482308795711506 0 -0.07714645136012448)
(0.2482308795711506 -0.01 -0.07714645136012448)
(0.2435680386519934 0 -0.0767043659798029)
(0.2435680386519934 -0.01 -0.0767043659798029)
(0.2389690165831498 0 -0.07625592346380596)
(0.2389690165831498 -0.01 -0.07625592346380596)
(0.2344329798266389 0 -0.07580134700096064)
(0.2344329798266389 -0.01 -0.07580134700096064)
(0.2299591360161205 0 -0.07534050120444122)
(0.2299591360161205 -0.01 -0.07534050120444122)
(0.2255466150421906 0 -0.07487412631782737)
(0.2255466150421906 -0.01 -0.07487412631782737)
(0.2211946904276769 0 -0.07440167868019205)
(0.2211946904276769 -0.01 -0.07440167868019205)
(0.2169025413595066 0 -0.07392364552067233)
(0.2169025413595066 -0.01 -0.07392364552067233)
(0.2126694619647799 0 -0.07343952887483726)
(0.2126694619647799 -0.01 -0.07343952887483726)
(0.2084945485649312 0 -0.07295068823095627)
(0.2084945485649312 -0.01 -0.07295068823095627)
(0.2043770845088259 0 -0.07245689583910561)
(0.2043770845088259 -0.01 -0.07245689583910561)
(0.2003164414414463 0 -0.0719573118837461)
(0.2003164414414463 -0.01 -0.0719573118837461)
(0.1963117767308133 0 -0.07145296610875376)
(0.1963117767308133 -0.01 -0.07145296610875376)
(0.1923623727171208 0 -0.07094390867725787)
(0.1923623727171208 -0.01 -0.07094390867725787)
(0.188467610908889 0 -0.07042952237761249)
(0.188467610908889 -0.01 -0.07042952237761249)
(0.1846266169826401 0 -0.06991119879859817)
(0.1846266169826401 -0.01 -0.06991119879859817)
(0.180838887408725 0 -0.06938764754120597)
(0.180838887408725 -0.01 -0.06938764754120597)
(0.1771036305278993 0 -0.0688597560484171)
(0.1771036305278993 -0.01 -0.0688597560484171)
(0.1734201694720446 0 -0.06832764100420469)
(0.1734201694720446 -0.01 -0.06832764100420469)
(0.1697878471894994 0 -0.06779133016724068)
(0.1697878471894994 -0.01 -0.06779133016724068)
(0.1662060853397667 0 -0.06725038013912396)
(0.1662060853397667 -0.01 -0.06725038013912396)
(0.1626741512776725 0 -0.06670551743563483)
(0.1626741512776725 -0.01 -0.06670551743563483)
(0.1591913160847116 0 -0.06615736564832753)
(0.1591913160847116 -0.01 -0.06615736564832753)
(0.155757213993224 0 -0.06560435503055231)
(0.155757213993224 -0.01 -0.06560435503055231)
(0.1523709909013102 0 -0.06504803369503748)
(0.1523709909013102 -0.01 -0.06504803369503748)
(0.1490321576931244 0 -0.0644877428975751)
(0.1490321576931244 -0.01 -0.0644877428975751)
(0.1457399922214494 0 -0.06392425717800951)
(0.1457399922214494 -0.01 -0.06392425717800951)
(0.1424940212416732 0 -0.0633569818014755)
(0.1424940212416732 -0.01 -0.0633569818014755)
(0.1392937449970123 0 -0.06278548336641938)
(0.1392937449970123 -0.01 -0.06278548336641938)
(0.1361383284395073 0 -0.06221129516084053)
(0.1361383284395073 -0.01 -0.06221129516084053)
(0.1330274163470432 0 -0.06163332479927953)
(0.1330274163470432 -0.01 -0.06163332479927953)
(0.129960252712738 0 -0.0610526684909581)
(0.129960252712738 -0.01 -0.0610526684909581)
(0.1269365108600495 0 -0.06046822629618246)
(0.1269365108600495 -0.01 -0.06046822629618246)
(0.1239555780647491 0 -0.05988041918413808)
(0.1239555780647491 -0.01 -0.05988041918413808)
(0.1210168314647191 0 -0.05928975009922805)
(0.1210168314647191 -0.01 -0.05928975009922805)
(0.1181197863173306 0 -0.05869605524198306)
(0.1181197863173306 -0.01 -0.05869605524198306)
(0.1152639988306102 0 -0.05809904418529434)
(0.1152639988306102 -0.01 -0.05809904418529434)
(0.112448962312158 0 -0.05749874122266697)
(0.112448962312158 -0.01 -0.05749874122266697)
(0.10967399298121 0 -0.05689604180416226)
(0.10967399298121 -0.01 -0.05689604180416226)
(0.1069388168108563 0 -0.05628996410541782)
(0.1069388168108563 -0.01 -0.05628996410541782)
(0.1042429644965202 0 -0.05568050960342183)
(0.1042429644965202 -0.01 -0.05568050960342183)
(0.1015856955869525 0 -0.05506886149576785)
(0.1015856955869525 -0.01 -0.05506886149576785)
(0.09896678871794989 0 -0.05445396453012061)
(0.09896678871794989 -0.01 -0.05445396453012061)
(0.09638562298918926 0 -0.05383653232129168)
(0.09638562298918926 -0.01 -0.05383653232129168)
(0.09384186533052356 0 -0.05321606625923865)
(0.09384186533052356 -0.01 -0.05321606625923865)
(0.09133512487867723 0 -0.05259240084850342)
(0.09133512487867723 -0.01 -0.05259240084850342)
(0.08886480364575824 0 -0.05196616907990656)
(0.08886480364575824 -0.01 -0.05196616907990656)
(0.08643047267949124 0 -0.05133740616416234)
(0.08643047267949124 -0.01 -0.05133740616416234)
(0.08403202378626408 0 -0.05070489087636271)
(0.08403202378626408 -0.01 -0.05070489087636271)
(0.08166852399074213 0 -0.0500706130956898)
(0.08166852399074213 -0.01 -0.0500706130956898)
(0.0793400814801033 0 -0.04943266062650587)
(0.0793400814801033 -0.01 -0.04943266062650587)
(0.07704610099989108 0 -0.04879177363278127)
(0.07704610099989108 -0.01 -0.04879177363278127)
(0.07478620646318139 0 -0.04814792715890125)
(0.07478620646318139 -0.01 -0.04814792715890125)
(0.07255991549406866 0 -0.04750143075231093)
(0.07255991549406866 -0.01 -0.04750143075231093)
(0.07036695610071149 0 -0.0468519495819345)
(0.07036695610071149 -0.01 -0.0468519495819345)
(0.06820702597693107 0 -0.04619926636079275)
(0.06820702597693107 -0.01 -0.04619926636079275)
(0.06607969563402753 0 -0.04554359723469045)
(0.06607969563402753 -0.01 -0.04554359723469045)
(0.06398484099197202 0 -0.04488423912888442)
(0.06398484099197202 -0.01 -0.04488423912888442)
(0.06192188928482958 0 -0.04422189162778687)
(0.06192188928482958 -0.01 -0.04422189162778687)
(0.05989048330654329 0 -0.04355662016104657)
(0.05989048330654329 -0.01 -0.04355662016104657)
(0.05789055949743954 0 -0.04288761165868409)
(0.05789055949743954 -0.01 -0.04288761165868409)
(0.05592184933434915 0 -0.04221476185441188)
(0.05592184933434915 -0.01 -0.04221476185441188)
(0.05398374211073065 0 -0.04153889409714658)
(0.05398374211073065 -0.01 -0.04153889409714658)
(0.05207623331222237 0 -0.04085916213170639)
(0.05207623331222237 -0.01 -0.04085916213170639)
(0.050199004415115 0 -0.04017565496258702)
(0.050199004415115 -0.01 -0.04017565496258702)
(0.04835167565899973 0 -0.03948858034543803)
(0.04835167565899973 -0.01 -0.03948858034543803)
(0.04653448729066557 0 -0.03879661410835464)
(0.04653448729066557 -0.01 -0.03879661410835464)
(0.04474661445720941 0 -0.03810120393118489)
(0.04474661445720941 -0.01 -0.03810120393118489)
(0.04298834689585423 0 -0.03740092779798938)
(0.04298834689585423 -0.01 -0.03740092779798938)
(0.04125907320816014 0 -0.03669672642223169)
(0.04125907320816014 -0.01 -0.03669672642223169)
(0.03955897356637066 0 -0.03598754855632518)
(0.03955897356637066 -0.01 -0.03598754855632518)
(0.03788792138724216 0 -0.03527319288591799)
(0.03788792138724216 -0.01 -0.03527319288591799)
(0.03624550637962416 0 -0.03455412446403688)
(0.03624550637962416 -0.01 -0.03455412446403688)
(0.03463161850928308 0 -0.03383013961182341)
(0.03463161850928308 -0.01 -0.03383013961182341)
(0.03304678762876958 0 -0.03309965941008929)
(0.03304678762876958 -0.01 -0.03309965941008929)
(0.03149028724637199 0 -0.03236391723164739)
(0.03149028724637199 -0.01 -0.03236391723164739)
(0.02996247888915505 0 -0.03162179516919646)
(0.02996247888915505 -0.01 -0.03162179516919646)
(0.02846318014694011 0 -0.03087346771688603)
(0.02846318014694011 -0.01 -0.03087346771688603)
(0.02699227932946886 0 -0.0301188250547658)
(0.02699227932946886 -0.01 -0.0301188250547658)
(0.02555039294705293 0 -0.02935656419832308)
(0.02555039294705293 -0.01 -0.02935656419832308)
(0.02413741645656293 0 -0.02858677432524535)
(0.02413741645656293 -0.01 -0.02858677432524535)
(0.02275320669927685 0 -0.02780965206360057)
(0.02275320669927685 -0.01 -0.02780965206360057)
(0.0213985243434204 0 -0.02702378962469303)
(0.0213985243434204 -0.01 -0.02702378962469303)
(0.02007305075893264 0 -0.02622979435869052)
(0.02007305075893264 -0.01 -0.02622979435869052)
(0.01877734106835277 0 -0.02542683060472825)
(0.01877734106835277 -0.01 -0.02542683060472825)
(0.01751255932259998 0 -0.02461326318857287)
(0.01751255932259998 -0.01 -0.02461326318857287)
(0.01627816171805278 0 -0.02379022392181158)
(0.01627816171805278 -0.01 -0.02379022392181158)
(0.01507496227052756 0 -0.02295665961901777)
(0.01507496227052756 -0.01 -0.02295665961901777)
(0.01390428149743929 0 -0.02211118530485258)
(0.01390428149743929 -0.01 -0.02211118530485258)
(0.01276644833864726 0 -0.02125385858937641)
(0.01276644833864726 -0.01 -0.02125385858937641)
(0.0116626807720472 0 -0.02038360401503703)
(0.0116626807720472 -0.01 -0.02038360401503703)
(0.01059374437064896 0 -0.01950034413538902)
(0.01059374437064896 -0.01 -0.01950034413538902)
(0.00956154593031246 0 -0.0186026034626215)
(0.00956154593031246 -0.01 -0.0186026034626215)
(0.008566870616458409 0 -0.01769034387772409)
(0.008566870616458409 -0.01 -0.01769034387772409)
(0.007611911014512304 0 -0.01676230681377712)
(0.007611911014512304 -0.01 -0.01676230681377712)
(0.006698247750492655 0 -0.01581849349430593)
(0.006698247750492655 -0.01 -0.01581849349430593)
(0.005828538145056792 0 -0.0148577266607268)
(0.005828538145056792 -0.01 -0.0148577266607268)
(0.005005397413882874 0 -0.01387902514840904)
(0.005005397413882874 -0.01 -0.01387902514840904)
(0.00423136376531677 0 -0.01288289670140807)
(0.00423136376531677 -0.01 -0.01288289670140807)
(0.003509528465579982 0 -0.01186931132295336)
(0.003509528465579982 -0.01 -0.01186931132295336)
(0.002843106079641403 0 -0.01083778338932273)
(0.002843106079641403 -0.01 -0.01083778338932273)
(0.002236293324746326 0 -0.009789476853176238)
(0.002236293324746326 -0.01 -0.009789476853176238)
(0.001692785596533028 0 -0.00872519970116997)
(0.001692785596533028 -0.01 -0.00872519970116997)
(0.001215877949549908 0 -0.007646341647550129)
(0.001215877949549908 -0.01 -0.007646341647550129)
(0.0008105358357298623 0 -0.006556166620390416)
(0.0008105358357298623 -0.01 -0.006556166620390416)
(0.0004783277262044947 0 -0.005457714929320681)
(0.0004783277262044947 -0.01 -0.005457714929320681)
(0.0002225809668698472 0 -0.004354899605611524)
(0.0002225809668698472 -0.01 -0.004354899605611524)
(4.445483231813648e-05 0 -0.00325240763939531)
(4.445483231813648e-05 -0.01 -0.00325240763939531)
(-5.571461997279023e-05 0 -0.002155227849501422)
(-5.571461997279023e-05 -0.01 -0.002155227849501422)
(-7.975230927030521e-05 0 -0.001068678727297982)
(-7.975230927030521e-05 -0.01 -0.001068678727297982)
(-3.023212830152904e-05 0 2.392470585013712e-06)
(-3.023212830152904e-05 -0.01 2.392470585013712e-06)
(0.9975227344054247 0 -0.06990048462255552)
(0.9917091384167547 0 -0.0703312527957608)
(0.9917091384167547 -0.01 -0.0703312527957608)
(0.9975227344054247 -0.01 -0.06990048462255552)
(0.9858951077265592 0 -0.07075611326312049)
(0.9858951077265592 -0.01 -0.07075611326312049)
(0.9800806705486695 0 -0.07117537395242104)
(0.9800806705486695 -0.01 -0.07117537395242104)
(0.9742657645816886 0 -0.07158808436545011)
(0.9742657645816886 -0.01 -0.07158808436545011)
(0.9684504243260456 0 -0.07199462562170321)
(0.9684504243260456 -0.01 -0.07199462562170321)
(0.9626346987446629 0 -0.07239562026106711)
(0.9626346987446629 -0.01 -0.07239562026106711)
(0.9568186006653838 0 -0.07279117475612212)
(0.9568186006653838 -0.01 -0.07279117475612212)
(0.9510021295973886 0 -0.07318120573933816)
(0.9510021295973886 -0.01 -0.07318120573933816)
(0.9451852230204172 0 -0.07356467571021427)
(0.9451852230204172 -0.01 -0.07356467571021427)
(0.9393679639008895 0 -0.07394277153846721)
(0.9393679639008895 -0.01 -0.07394277153846721)
(0.9335503640162766 0 -0.07431558992003062)
(0.9335503640162766 -0.01 -0.07431558992003062)
(0.927732413889465 0 -0.07468290188604072)
(0.927732413889465 -0.01 -0.07468290188604072)
(0.9219140974489214 0 -0.07504436192030266)
(0.9219140974489214 -0.01 -0.07504436192030266)
(0.9160954883376904 0 -0.07540107988625352)
(0.9160954883376904 -0.01 -0.07540107988625352)
(0.9102765345663697 0 -0.07575212919378542)
(0.9102765345663697 -0.01 -0.07575212919378542)
(0.9044572402068108 0 -0.07609749252970241)
(0.9044572402068108 -0.01 -0.07609749252970241)
(0.8986376608922748 0 -0.07643801323741997)
(0.8986376608922748 -0.01 -0.07643801323741997)
(0.8928177836644748 0 -0.07677340776580618)
(0.8928177836644748 -0.01 -0.07677340776580618)
(0.886997616592933 0 -0.07710373510244521)
(0.886997616592933 -0.01 -0.07710373510244521)
(0.881177147670814 0 -0.07742869986363794)
(0.881177147670814 -0.01 -0.07742869986363794)
(0.8753563671392797 0 -0.07774802501349271)
(0.8753563671392797 -0.01 -0.07774802501349271)
(0.8695353577838769 0 -0.07806317191114799)
(0.8695353577838769 -0.01 -0.07806317191114799)
(0.8637140479526169 0 -0.07837270484220538)
(0.8637140479526169 -0.01 -0.07837270484220538)
(0.8578924955901539 0 -0.07867764530292751)
(0.8578924955901539 -0.01 -0.07867764530292751)
(0.8520706763593173 0 -0.0789774478664021)
(0.8520706763593173 -0.01 -0.0789774478664021)
(0.8462486058444786 0 -0.07927232991499719)
(0.8462486058444786 -0.01 -0.07927232991499719)
(0.8404262593310449 0 -0.07956170873186123)
(0.8404262593310449 -0.01 -0.07956170873186123)
(0.8346037019889833 0 -0.07984681514697982)
(0.8346037019889833 -0.01 -0.07984681514697982)
(0.8287808996765448 0 -0.08012687408856678)
(0.8287808996765448 -0.01 -0.08012687408856678)
(0.8229578692657048 0 -0.08040214998110885)
(0.8229578692657048 -0.01 -0.08040214998110885)
(0.8171346262095305 0 -0.08067289057794912)
(0.8171346262095305 -0.01 -0.08067289057794912)
(0.8113111799849151 0 -0.080939224864105)
(0.8113111799849151 -0.01 -0.080939224864105)
(0.8054874827007262 0 -0.08120001312048059)
(0.8054874827007262 -0.01 -0.08120001312048059)
(0.799663569959809 0 -0.08145594711809151)
(0.799663569959809 -0.01 -0.08145594711809151)
(0.7938394701327737 0 -0.08170758384124072)
(0.7938394701327737 -0.01 -0.08170758384124072)
(0.7880151647796221 0 -0.08195441796326693)
(0.7880151647796221 -0.01 -0.08195441796326693)
(0.7821906542558101 0 -0.08219636177642328)
(0.7821906542558101 -0.01 -0.08219636177642328)
(0.7763659263511603 0 -0.08243301944294712)
(0.7763659263511603 -0.01 -0.08243301944294712)
(0.7705410284911235 0 -0.08266545214995803)
(0.7705410284911235 -0.01 -0.08266545214995803)
(0.7647159528441261 0 -0.08289338518921963)
(0.7647159528441261 -0.01 -0.08289338518921963)
(0.7588906794755447 0 -0.08311620649770135)
(0.7588906794755447 -0.01 -0.08311620649770135)
(0.7530652471220983 0 -0.0833348392008483)
(0.7530652471220983 -0.01 -0.0833348392008483)
(0.747239612254484 0 -0.08354800221734299)
(0.747239612254484 -0.01 -0.08354800221734299)
(0.7414138110085293 0 -0.08375657013488867)
(0.7414138110085293 -0.01 -0.08375657013488867)
(0.7355878652270695 0 -0.08396105925311673)
(0.7355878652270695 -0.01 -0.08396105925311673)
(0.7297617319256001 0 -0.08416013377650584)
(0.7297617319256001 -0.01 -0.08416013377650584)
(0.723935448061639 0 -0.08435475596669061)
(0.723935448061639 -0.01 -0.08435475596669061)
(0.7181089821751937 0 -0.08454384685267216)
(0.7181089821751937 -0.01 -0.08454384685267216)
(0.7122823960363122 0 -0.08472919807695682)
(0.7122823960363122 -0.01 -0.08472919807695682)
(0.7064556303026022 0 -0.08490881183692318)
(0.7064556303026022 -0.01 -0.08490881183692318)
(0.7006287148301675 0 -0.0850835024944939)
(0.7006287148301675 -0.01 -0.0850835024944939)
(0.6948016745701882 0 -0.08525397809039686)
(0.6948016745701882 -0.01 -0.08525397809039686)
(0.6889744932285938 0 -0.08541955776833392)
(0.6889744932285938 -0.01 -0.08541955776833392)
(0.6831471489836384 0 -0.08557931567626305)
(0.6831471489836384 -0.01 -0.08557931567626305)
(0.677319677003865 0 -0.08573433535234741)
(0.677319677003865 -0.01 -0.08573433535234741)
(0.6714920861676942 0 -0.08588481431935381)
(0.6714920861676942 -0.01 -0.08588481431935381)
(0.6656643736959238 0 -0.08603051210476383)
(0.6656643736959238 -0.01 -0.08603051210476383)
(0.6598365112299489 0 -0.08617007860745507)
(0.6598365112299489 -0.01 -0.08617007860745507)
(0.6540085336109052 0 -0.08630475325271494)
(0.6540085336109052 -0.01 -0.08630475325271494)
(0.6481804518517077 0 -0.08643484190295321)
(0.6481804518517077 -0.01 -0.08643484190295321)
(0.6423522565026246 0 -0.08655973824168933)
(0.6423522565026246 -0.01 -0.08655973824168933)
(0.6365239360695431 0 -0.08667865803798867)
(0.6365239360695431 -0.01 -0.08667865803798867)
(0.6306955160069331 0 -0.08679258539690055)
(0.6306955160069331 -0.01 -0.08679258539690055)
(0.6248669915442144 0 -0.08690104793657975)
(0.6248669915442144 -0.01 -0.08690104793657975)
(0.6190383604246341 0 -0.08700360997071996)
(0.6190383604246341 -0.01 -0.08700360997071996)
(0.6132096466998538 0 -0.08710137802886991)
(0.6132096466998538 -0.01 -0.08710137802886991)
(0.607380841439811 0 -0.08719351683120037)
(0.607380841439811 -0.01 -0.08719351683120037)
(0.6015519511209656 0 -0.08728011012536185)
(0.6015519511209656 -0.01 -0.08728011012536185)
(0.5957229700326103 0 -0.08736035963300987)
(0.5957229700326103 -0.01 -0.08736035963300987)
(0.5898939189810046 0 -0.08743535337134357)
(0.5898939189810046 -0.01 -0.08743535337134357)
(0.5840647901983944 0 -0.08750404585064772)
(0.5840647901983944 -0.01 -0.08750404585064772)
(0.5782355986540089 0 -0.0875671855965383)
(0.5782355986540089 -0.01 -0.0875671855965383)
(0.5724063440366456 0 -0.08762420454275642)
(0.5724063440366456 -0.01 -0.08762420454275642)
(0.5665770332795365 0 -0.08767515987974588)
(0.5665770332795365 -0.01 -0.08767515987974588)
(0.5607476653229898 0 -0.08771909485828215)
(0.5607476653229898 -0.01 -0.08771909485828215)
(0.5549182615338515 0 -0.08775797872927613)
(0.5549182615338515 -0.01 -0.08775797872927613)
(0.549088815185751 0 -0.08778985089445225)
(0.549088815185751 -0.01 -0.08778985089445225)
(0.5432593376911572 0 -0.08781539947013184)
(0.5432593376911572 -0.01 -0.08781539947013184)
(0.5374298340631833 0 -0.08783405630293578)
(0.5374298340631833 -0.01 -0.08783405630293578)
(0.5316003146019607 0 -0.08784685112483367)
(0.5316003146019607 -0.01 -0.08784685112483367)
(0.5257707836588572 0 -0.08785227187191694)
(0.5257707836588572 -0.01 -0.08785227187191694)
(0.5199412503205398 0 -0.0878509187555165)
(0.5199412503205398 -0.01 -0.0878509187555165)
(0.5141117229282812 0 -0.08784251462350573)
(0.5141117229282812 -0.01 -0.08784251462350573)
(0.5082822090557216 0 -0.08782741300679232)
(0.5082822090557216 -0.01 -0.08782741300679232)
(0.5024527209590577 0 -0.0878044012515839)
(0.5024527209590577 -0.01 -0.0878044012515839)
(0.4966232652082248 0 -0.08777428389871515)
(0.4966232652082248 -0.01 -0.08777428389871515)
(0.4907938492880847 0 -0.08773727128795099)
(0.4907938492880847 -0.01 -0.08773727128795099)
(0.4849644945590211 0 -0.08769161938933574)
(0.4849644945590211 -0.01 -0.08769161938933574)
(0.4791351980387763 0 -0.08763904881814295)
(0.4791351980387763 -0.01 -0.08763904881814295)
(0.4733059805050974 0 -0.08757836287912941)
(0.4733059805050974 -0.01 -0.08757836287912941)
(0.4674768556680701 0 -0.08750934458259656)
(0.4674768556680701 -0.01 -0.08750934458259656)
(0.4616478330010989 0 -0.08743217284914505)
(0.4616478330010989 -0.01 -0.08743217284914505)
(0.4558189205814173 0 -0.08734708111958386)
(0.4558189205814173 -0.01 -0.08734708111958386)
(0.449990145733392 0 -0.08725303960329746)
(0.449990145733392 -0.01 -0.08725303960329746)
(0.4441615095385403 0 -0.08715074558806631)
(0.4441615095385403 -0.01 -0.08715074558806631)
(0.4383330425342674 0 -0.08703923807081786)
(0.4383330425342674 -0.01 -0.08703923807081786)
(0.432504752694724 0 -0.08691883602978376)
(0.432504752694724 -0.01 -0.08691883602978376)
(0.4266766450308643 0 -0.08678991321858807)
(0.4266766450308643 -0.01 -0.08678991321858807)
(0.4208487665767857 0 -0.08665101532627532)
(0.4208487665767857 -0.01 -0.08665101532627532)
(0.4150211269650919 0 -0.08650243572945238)
(0.4150211269650919 -0.01 -0.08650243572945238)
(0.4091937416650179 0 -0.08634418957491356)
(0.4091937416650179 -0.01 -0.08634418957491356)
(0.403366611999243 0 -0.086176795114704)
(0.403366611999243 -0.01 -0.086176795114704)
(0.397539823418567 0 -0.0859979266716822)
(0.397539823418567 -0.01 -0.0859979266716822)
(0.391713330397968 0 -0.08580966529624021)
(0.391713330397968 -0.01 -0.08580966529624021)
(0.3858871826029268 0 -0.08561101365441728)
(0.3858871826029268 -0.01 -0.08561101365441728)
(0.3800614479843296 0 -0.08540059697190557)
(0.3800614479843296 -0.01 -0.08540059697190557)
(0.3742360925683607 0 -0.08517993182207581)
(0.3742360925683607 -0.01 -0.08517993182207581)
(0.3684111816032983 0 -0.08494783035052396)
(0.3684111816032983 -0.01 -0.08494783035052396)
(0.3625867313521622 0 -0.08470444066047501)
(0.3625867313521622 -0.01 -0.08470444066047501)
(0.3567627977173442 0 -0.08444898531488662)
(0.3567627977173442 -0.01 -0.08444898531488662)
(0.3509393938431448 0 -0.08418172752600493)
(0.3509393938431448 -0.01 -0.08418172752600493)
(0.3451165758228753 0 -0.08390199786941221)
(0.3451165758228753 -0.01 -0.08390199786941221)
(0.33929437455188 0 -0.08360970918485425)
(0.33929437455188 -0.01 -0.08360970918485425)
(0.333472815556257 0 -0.08330489609163923)
(0.333472815556257 -0.01 -0.08330489609163923)
(0.327651952280877 0 -0.0829870751291905)
(0.327651952280877 -0.01 -0.0829870751291905)
(0.3218318520767639 0 -0.08265557210536797)
(0.3218318520767639 -0.01 -0.08265557210536797)
(0.3160125522365642 0 -0.08231030588037147)
(0.3160125522365642 -0.01 -0.08231030588037147)
(0.3101940996953039 0 -0.08195104249339898)
(0.3101940996953039 -0.01 -0.08195104249339898)
(0.3043765774811961 0 -0.08157701602869567)
(0.3043765774811961 -0.01 -0.08157701602869567)
(0.2933923482958957 0 0.03945532892930247)
(0.2985974920901087 0 0.039108475925576)
(0.2985974920901087 -0.01 0.039108475925576)
(0.2933923482958957 -0.01 0.03945532892930247)
(0.2882563247198312 0 0.03978524408092026)
(0.2882563247198312 -0.01 0.03978524408092026)
(0.2831884863524748 0 0.04009788095724627)
(0.2831884863524748 -0.01 0.04009788095724627)
(0.2781879906244647 0 0.04039409009005392)
(0.2781879906244647 -0.01 0.04039409009005392)
(0.2732539388208863 0 0.04067373935009585)
(0.2732539388208863 -0.01 0.04067373935009585)
(0.2683854812124905 0 0.0409372331764034)
(0.2683854812124905 -0.01 0.0409372331764034)
(0.2635818168785746 0 0.04118563077583329)
(0.2635818168785746 -0.01 0.04118563077583329)
(0.2588420207708224 0 0.04141756427195192)
(0.2588420207708224 -0.01 0.04141756427195192)
(0.2541653216294723 0 0.04163430182006006)
(0.2541653216294723 -0.01 0.04163430182006006)
(0.2495509071164048 0 0.04183613639904469)
(0.2495509071164048 -0.01 0.04183613639904469)
(0.2449979673633892 0 0.04202320607825831)
(0.2449979673633892 -0.01 0.04202320607825831)
(0.2405057086639751 0 0.04219550307723507)
(0.2405057086639751 -0.01 0.04219550307723507)
(0.2360733587482302 0 0.04235369733169275)
(0.2360733587482302 -0.01 0.04235369733169275)
(0.2317001223472211 0 0.04249727810720622)
(0.2317001223472211 -0.01 0.04249727810720622)
(0.2273852780272291 0 0.042627584996644)
(0.2273852780272291 -0.01 0.042627584996644)
(0.2231280634499218 0 0.04274457729969842)
(0.2231280634499218 -0.01 0.04274457729969842)
(0.2189277137669651 0 0.04284741837622873)
(0.2189277137669651 -0.01 0.04284741837622873)
(0.2147835267660985 0 0.042937527941804)
(0.2147835267660985 -0.01 0.042937527941804)
(0.2106947865799007 0 0.04301540511357408)
(0.2106947865799007 -0.01 0.04301540511357408)
(0.2066607496151303 0 0.04307945550358204)
(0.2066607496151303 -0.01 0.04307945550358204)
(0.2026807465310022 0 0.04313177520975835)
(0.2026807465310022 -0.01 0.04313177520975835)
(0.198754072327611 0 0.0431715586739858)
(0.198754072327611 -0.01 0.0431715586739858)
(0.1948800448251596 0 0.04319910536635972)
(0.1948800448251596 -0.01 0.04319910536635972)
(0.1910579966871214 0 0.04321505144401681)
(0.1910579966871214 -0.01 0.04321505144401681)
(0.1872872625190394 0 0.04321923459486002)
(0.1872872625190394 -0.01 0.04321923459486002)
(0.1835671890177698 0 0.04321186673816484)
(0.1835671890177698 -0.01 0.04321186673816484)
(0.1798971299607535 0 0.04319316447843699)
(0.1798971299607535 -0.01 0.04319316447843699)
(0.1762764394880575 0 0.0431643265218053)
(0.1762764394880575 -0.01 0.0431643265218053)
(0.1727045065691515 0 0.04312356704036508)
(0.1727045065691515 -0.01 0.04312356704036508)
(0.169180703446553 0 0.0430723779397164)
(0.169180703446553 -0.01 0.0430723779397164)
(0.1657044170681816 0 0.0430106817211466)
(0.1657044170681816 -0.01 0.0430106817211466)
(0.1622750437991214 0 0.04293879805837134)
(0.1622750437991214 -0.01 0.04293879805837134)
(0.1588920048334428 0 0.04285609021099398)
(0.1588920048334428 -0.01 0.04285609021099398)
(0.1555546811172707 0 0.0427642768731806)
(0.1555546811172707 -0.01 0.0427642768731806)
(0.1522625351092703 0 0.04266182892785662)
(0.1522625351092703 -0.01 0.04266182892785662)
(0.1490149733560493 0 0.04254986708928269)
(0.1490149733560493 -0.01 0.04254986708928269)
(0.1458114254509204 0 0.04242869823225139)
(0.1458114254509204 -0.01 0.04242869823225139)
(0.1426513516209012 0 0.04229803472475391)
(0.1426513516209012 -0.01 0.04229803472475391)
(0.1395342126718523 0 0.04215794480867902)
(0.1395342126718523 -0.01 0.04215794480867902)
(0.1364594743406777 0 0.04200845805159746)
(0.1364594743406777 -0.01 0.04200845805159746)
(0.1334265961708254 0 0.04184998786431677)
(0.1334265961708254 -0.01 0.04184998786431677)
(0.1304350607597016 0 0.04168255607384223)
(0.1304350607597016 -0.01 0.04168255607384223)
(0.1274843280076541 0 0.04150672706942334)
(0.1274843280076541 -0.01 0.04150672706942334)
(0.1245739084024254 0 0.04132229482638211)
(0.1245739084024254 -0.01 0.04132229482638211)
(0.1217033333493331 0 0.04112891673752349)
(0.1217033333493331 -0.01 0.04112891673752349)
(0.1188720687455691 0 0.04092731407566011)
(0.1188720687455691 -0.01 0.04092731407566011)
(0.1160796396386381 0 0.0407174806976172)
(0.1160796396386381 -0.01 0.0407174806976172)
(0.1133255558575151 0 0.04049967314603889)
(0.1133255558575151 -0.01 0.04049967314603889)
(0.1106094023995404 0 0.04027331411024067)
(0.1106094023995404 -0.01 0.04027331411024067)
(0.107930701483417 0 0.04003870351430837)
(0.107930701483417 -0.01 0.04003870351430837)
(0.1052889442691217 0 0.03979649599735206)
(0.1052889442691217 -0.01 0.03979649599735206)
(0.1026837104794548 0 0.03954656017050026)
(0.1026837104794548 -0.01 0.03954656017050026)
(0.1001146047713165 0 0.03928846917706977)
(0.1001146047713165 -0.01 0.03928846917706977)
(0.09758109494055379 0 0.03902324934239439)
(0.09758109494055379 -0.01 0.03902324934239439)
(0.09508288246995086 0 0.03874981768424532)
(0.09508288246995086 -0.01 0.03874981768424532)
(0.09261950152604573 0 0.03846867699427273)
(0.09261950152604573 -0.01 0.03846867699427273)
(0.0901905102154954 0 0.03818018239843261)
(0.0901905102154954 -0.01 0.03818018239843261)
(0.08779543502354668 0 0.03788495147029904)
(0.08779543502354668 -0.01 0.03788495147029904)
(0.08543413368505913 0 0.03758093007311127)
(0.08543413368505913 -0.01 0.03758093007311127)
(0.08310597346059005 0 0.03727022073491578)
(0.08310597346059005 -0.01 0.03727022073491578)
(0.0808106286024116 0 0.03695236410341272)
(0.0808106286024116 -0.01 0.03695236410341272)
(0.07854786942627465 0 0.03662634767221574)
(0.07854786942627465 -0.01 0.03662634767221574)
(0.07631714048680167 0 0.03629361153019472)
(0.07631714048680167 -0.01 0.03629361153019472)
(0.07411814745221729 0 0.03595368896793739)
(0.07411814745221729 -0.01 0.03595368896793739)
(0.07195066330203019 0 0.03560580402252)
(0.07195066330203019 -0.01 0.03560580402252)
(0.06981415532789428 0 0.03525120931320324)
(0.06981415532789428 -0.01 0.03525120931320324)
(0.0677085406388922 0 0.03488844347262487)
(0.0677085406388922 -0.01 0.03488844347262487)
(0.0656332205662179 0 0.03451908480710367)
(0.0656332205662179 -0.01 0.03451908480710367)
(0.06358807588195163 0 0.03414197735633455)
(0.06358807588195163 -0.01 0.03414197735633455)
(0.06157273015689439 0 0.0337575658266304)
(0.06157273015689439 -0.01 0.0337575658266304)
(0.05958692801808124 0 0.0333655772123796)
(0.05958692801808124 -0.01 0.0333655772123796)
(0.05763043936221622 0 0.03296575484531927)
(0.05763043936221622 -0.01 0.03296575484531927)
(0.055702791990346 0 0.03255897711855058)
(0.055702791990346 -0.01 0.03255897711855058)
(0.05380391289574456 0 0.0321442671121426)
(0.05380391289574456 -0.01 0.0321442671121426)
(0.05193351757416263 0 0.03172174885858624)
(0.05193351757416263 -0.01 0.03172174885858624)
(0.05009134693436289 0 0.03129141654706701)
(0.05009134693436289 -0.01 0.03129141654706701)
(0.04827726357920118 0 0.03085283043219705)
(0.04827726357920118 -0.01 0.03085283043219705)
(0.04649083291504744 0 0.03040674620131517)
(0.04649083291504744 -0.01 0.03040674620131517)
(0.04473217983227554 0 0.02995177682702631)
(0.04473217983227554 -0.01 0.02995177682702631)
(0.04300073117812503 0 0.02948932257770462)
(0.04300073117812503 -0.01 0.02948932257770462)
(0.04129683454422866 0 0.02901727983707957)
(0.04129683454422866 -0.01 0.02901727983707957)
(0.03962000475602535 0 0.02853677425177647)
(0.03962000475602535 -0.01 0.02853677425177647)
(0.03796993611042501 0 0.02804815381606117)
(0.03796993611042501 -0.01 0.02804815381606117)
(0.03634704874725992 0 0.02754950773595756)
(0.03634704874725992 -0.01 0.02754950773595756)
(0.03475090246926733 0 0.02704175147885664)
(0.03475090246926733 -0.01 0.02704175147885664)
(0.03318146764363664 0 0.02652455899249437)
(0.03318146764363664 -0.01 0.02652455899249437)
(0.03163889526929572 0 0.02599710302926515)
(0.03163889526929572 -0.01 0.02599710302926515)
(0.03012301010117409 0 0.0254595950204097)
(0.03012301010117409 -0.01 0.0254595950204097)
(0.02863392318801858 0 0.02491150040081782)
(0.02863392318801858 -0.01 0.02491150040081782)
(0.02717170659808727 0 0.02435249032717753)
(0.02717170659808727 -0.01 0.02435249032717753)
(0.02573639862162757 0 0.02378231539762681)
(0.02573639862162757 -0.01 0.02378231539762681)
(0.02432833962477512 0 0.02320013653541357)
(0.02432833962477512 -0.01 0.02320013653541357)
(0.02294731378945451 0 0.02260648480199654)
(0.02294731378945451 -0.01 0.02260648480199654)
(0.02159430255454555 0 0.02199929125882918)
(0.02159430255454555 -0.01 0.02199929125882918)
(0.0202689608271646 0 0.0213795689687908)
(0.0202689608271646 -0.01 0.0213795689687908)
(0.01897213651966048 0 0.0207457457659378)
(0.01897213651966048 -0.01 0.0207457457659378)
(0.01770422520058062 0 0.02009747674411599)
(0.01770422520058062 -0.01 0.02009747674411599)
(0.01646567625390623 0 0.01943430062973589)
(0.01646567625390623 -0.01 0.01943430062973589)
(0.01525733390559098 0 0.01875524752707574)
(0.01525733390559098 -0.01 0.01875524752707574)
(0.0140802200753697 0 0.0180593837259747)
(0.0140802200753697 -0.01 0.0180593837259747)
(0.01293462356645485 0 0.01734698027110972)
(0.01293462356645485 -0.01 0.01734698027110972)
(0.01182213360689645 0 0.01661641816181543)
(0.01182213360689645 -0.01 0.01661641816181543)
(0.01074429647378143 0 0.01586642314715871)
(0.01074429647378143 -0.01 0.01586642314715871)
(0.009701801835811912 0 0.01509733378867738)
(0.009701801835811912 -0.01 0.01509733378867738)
(0.008697287374419028 0 0.01430723341218635)
(0.008697287374419028 -0.01 0.01430723341218635)
(0.007732227419457276 0 0.01349587558242613)
(0.007732227419457276 -0.01 0.01349587558242613)
(0.006808766000941045 0 0.01266213165425297)
(0.006808766000941045 -0.01 0.01266213165425297)
(0.005929804817020087 0 0.0118057869625548)
(0.005929804817020087 -0.01 0.0118057869625548)
(0.005097940900922658 0 0.01092621611666738)
(0.005097940900922658 -0.01 0.01092621611666738)
(0.004315697463230791 0 0.01002293144908822)
(0.004315697463230791 -0.01 0.01002293144908822)
(0.003587746797769183 0 0.009096226504351925)
(0.003587746797769183 -0.01 0.009096226504351925)
(0.002917029413182197 0 0.008146722479535132)
(0.002917029413182197 -0.01 0.008146722479535132)
(0.002306567775856541 0 0.007175096886804695)
(0.002306567775856541 -0.01 0.007175096886804695)
(0.001760841208588496 0 0.006183606914673431)
(0.001760841208588496 -0.01 0.006183606914673431)
(0.001282934548382752 0 0.00517496638524699)
(0.001282934548382752 -0.01 0.00517496638524699)
(0.0008750389818131706 0 0.004151811986064177)
(0.0008750389818131706 -0.01 0.004151811986064177)
(0.0005394108267099693 0 0.003118423063369482)
(0.0005394108267099693 -0.01 0.003118423063369482)
(0.0002772912196529369 0 0.002079145407357665)
(0.0002772912196529369 -0.01 0.002079145407357665)
(8.791155934628119e-05 0 0.001038845952043427)
(8.791155934628119e-05 -0.01 0.001038845952043427)
(0.9917576714300704 0 -0.06864996730644954)
(0.9917576714300704 -0.01 -0.06864996730644954)
(0.9859913876460986 0 -0.06740508938250488)
(0.9859913876460986 -0.01 -0.06740508938250488)
(0.980223604068777 0 -0.06616718059072514)
(0.980223604068777 -0.01 -0.06616718059072514)
(0.9744546031609259 0 -0.06493495486448085)
(0.9744546031609259 -0.01 -0.06493495486448085)
(0.9686843378285801 0 -0.0637086676164182)
(0.9686843378285801 -0.01 -0.0637086676164182)
(0.962912865498017 0 -0.06248806903683925)
(0.962912865498017 -0.01 -0.06248806903683925)
(0.9571401077643067 0 -0.06127356649449228)
(0.9571401077643067 -0.01 -0.06127356649449228)
(0.9513661544895852 0 -0.06006476223900056)
(0.9513661544895852 -0.01 -0.06006476223900056)
(0.9455910494248649 0 -0.05886147112492711)
(0.9455910494248649 -0.01 -0.05886147112492711)
(0.9398146497190289 0 -0.05766441095215537)
(0.9398146497190289 -0.01 -0.05766441095215537)
(0.9340371870166116 0 -0.05647249224625073)
(0.9340371870166116 -0.01 -0.05647249224625073)
(0.9282585900023835 0 -0.055286083195997)
(0.9282585900023835 -0.01 -0.055286083195997)
(0.9224788017794918 0 -0.05410549238571487)
(0.9224788017794918 -0.01 -0.05410549238571487)
(0.9166980226825243 0 -0.05292976331105288)
(0.9166980226825243 -0.01 -0.05292976331105288)
(0.9109161028733513 0 -0.0517596565675059)
(0.9109161028733513 -0.01 -0.0517596565675059)
(0.9051331098986882 0 -0.05059486375514529)
(0.9051331098986882 -0.01 -0.05059486375514529)
(0.8993489944955761 0 -0.04943565935789333)
(0.8993489944955761 -0.01 -0.04943565935789333)
(0.8935639332474418 0 -0.04828118401356592)
(0.8935639332474418 -0.01 -0.04828118401356592)
(0.887777796820725 0 -0.04713210928019802)
(0.887777796820725 -0.01 -0.04713210928019802)
(0.8819906073769689 0 -0.04598835042122467)
(0.8819906073769689 -0.01 -0.04598835042122467)
(0.8762025078280046 0 -0.04484920584844738)
(0.8762025078280046 -0.01 -0.04484920584844738)
(0.870413259002221 0 -0.04371591681203838)
(0.870413259002221 -0.01 -0.04371591681203838)
(0.8646232065129925 0 -0.04258673930868578)
(0.8646232065129925 -0.01 -0.04258673930868578)
(0.8588320291765996 0 -0.04146334418522182)
(0.8588320291765996 -0.01 -0.04146334418522182)
(0.8530399510501306 0 -0.04034460495940696)
(0.8530399510501306 -0.01 -0.04034460495940696)
(0.8472469121433982 0 -0.03923085123802769)
(0.8472469121433982 -0.01 -0.03923085123802769)
(0.841452806677801 0 -0.03812265986402205)
(0.841452806677801 -0.01 -0.03812265986402205)
(0.8356578635195395 0 -0.03701885690692153)
(0.8356578635195395 -0.01 -0.03701885690692153)
(0.8298621216800878 0 -0.03591925463176517)
(0.8298621216800878 -0.01 -0.03591925463176517)
(0.8240652068087035 0 -0.03482585438712437)
(0.8240652068087035 -0.01 -0.03482585438712437)
(0.8182675824663422 0 -0.03373622217088519)
(0.8182675824663422 -0.01 -0.03373622217088519)
(0.8124690341462184 0 -0.03265151781704537)
(0.8124690341462184 -0.01 -0.03265151781704537)
(0.8066694588196203 0 -0.03157231753088879)
(0.8066694588196203 -0.01 -0.03157231753088879)
(0.8008691043093202 0 -0.03049731335222774)
(0.8008691043093202 -0.01 -0.03049731335222774)
(0.7950677471286511 0 -0.02942773253198244)
(0.7950677471286511 -0.01 -0.02942773253198244)
(0.7892656237648582 0 -0.02836231633346339)
(0.7892656237648582 -0.01 -0.02836231633346339)
(0.7834626451055187 0 -0.02730156869493415)
(0.7834626451055187 -0.01 -0.02730156869493415)
(0.7776587534584771 0 -0.02624582840766487)
(0.7776587534584771 -0.01 -0.02624582840766487)
(0.7718539665200628 0 -0.02519501863662547)
(0.7718539665200628 -0.01 -0.02519501863662547)
(0.7660482379954585 0 -0.02414942613884616)
(0.7660482379954585 -0.01 -0.02414942613884616)
(0.7602417675776935 0 -0.02310796270276423)
(0.7602417675776935 -0.01 -0.02310796270276423)
(0.7544343809079306 0 -0.02207161975090434)
(0.7544343809079306 -0.01 -0.02207161975090434)
(0.7486262421883809 0 -0.02103949872525384)
(0.7486262421883809 -0.01 -0.02103949872525384)
(0.7428172254056946 0 -0.02001233138463744)
(0.7428172254056946 -0.01 -0.02001233138463744)
(0.7370072509452762 0 -0.01899059564008128)
(0.7370072509452762 -0.01 -0.01899059564008128)
(0.7311965375716003 0 -0.01797307150079264)
(0.7311965375716003 -0.01 -0.01797307150079264)
(0.7253849314649915 0 -0.01696065783122764)
(0.7253849314649915 -0.01 -0.01696065783122764)
(0.7195724524855147 0 -0.01595326668196999)
(0.7195724524855147 -0.01 -0.01595326668196999)
(0.7137592056603874 0 -0.01495031826163956)
(0.7137592056603874 -0.01 -0.01495031826163956)
(0.7079449770574641 0 -0.01395307275814331)
(0.7079449770574641 -0.01 -0.01395307275814331)
(0.7021300946290032 0 -0.01295964964166066)
(0.7021300946290032 -0.01 -0.01295964964166066)
(0.6963142642238035 0 -0.01197179160115009)
(0.6963142642238035 -0.01 -0.01197179160115009)
(0.6904975337685142 0 -0.01098924729784809)
(0.6904975337685142 -0.01 -0.01098924729784809)
(0.6846800070260775 0 -0.01001142866292001)
(0.6846800070260775 -0.01 -0.01001142866292001)
(0.6788616346579026 0 -0.009038654114981892)
(0.6788616346579026 -0.01 -0.009038654114981892)
(0.6730424974974655 0 -0.008070464001757571)
(0.6730424974974655 -0.01 -0.008070464001757571)
(0.667222321433703 0 -0.007108540062915917)
(0.667222321433703 -0.01 -0.007108540062915917)
(0.6614014779930428 0 -0.006150662920348968)
(0.6614014779930428 -0.01 -0.006150662920348968)
(0.6555796459263612 0 -0.005198812557374879)
(0.6555796459263612 -0.01 -0.005198812557374879)
(0.6497570677531824 0 -0.004251537343890078)
(0.6497570677531824 -0.01 -0.004251537343890078)
(0.6439334936923101 0 -0.003310403027432669)
(0.6439334936923101 -0.01 -0.003310403027432669)
(0.6381091614146037 0 -0.002373973360933705)
(0.6381091614146037 -0.01 -0.002373973360933705)
(0.6322838647249265 0 -0.001443561809834197)
(0.6322838647249265 -0.01 -0.001443561809834197)
(0.6264577906007294 0 -0.0005180307891826108)
(0.6264577906007294 -0.01 -0.0005180307891826108)
(0.6206308043102768 0 0.0004017397327008461)
(0.6206308043102768 -0.01 0.0004017397327008461)
(0.6148027824286897 0 0.001314925669225536)
(0.6148027824286897 -0.01 0.001314925669225536)
(0.6089740750736372 0 0.00222372595947177)
(0.6089740750736372 -0.01 0.00222372595947177)
(0.6031443467336477 0 0.003125953354098892)
(0.6031443467336477 -0.01 0.003125953354098892)
(0.5973138070556911 0 0.004022922862669681)
(0.5973138070556911 -0.01 0.004022922862669681)
(0.5914823134983759 0 0.004913669760625344)
(0.5914823134983759 -0.01 0.004913669760625344)
(0.5856499070540911 0 0.005798419797900596)
(0.5856499070540911 -0.01 0.005798419797900596)
(0.5798165777681541 0 0.006677064485414453)
(0.5798165777681541 -0.01 0.006677064485414453)
(0.5739823572614261 0 0.007549772302359713)
(0.5739823572614261 -0.01 0.007549772302359713)
(0.5681471378379989 0 0.00841577553522768)
(0.5681471378379989 -0.01 0.00841577553522768)
(0.5623110679918869 0 0.009276028961524062)
(0.5623110679918869 -0.01 0.009276028961524062)
(0.5564739413891679 0 0.0101290825639302)
(0.5564739413891679 -0.01 0.0101290825639302)
(0.5506359251387469 0 0.01097602624466307)
(0.5506359251387469 -0.01 0.01097602624466307)
(0.5447969628739708 0 0.01181642310926605)
(0.5447969628739708 -0.01 0.01181642310926605)
(0.5389570391947145 0 0.01265011313621574)
(0.5389570391947145 -0.01 0.01265011313621574)
(0.5331161165898388 0 0.01347677516598027)
(0.5331161165898388 -0.01 0.01347677516598027)
(0.5272741702376916 0 0.01429617125288151)
(0.5272741702376916 -0.01 0.01429617125288151)
(0.5214313385152999 0 0.01510923017015795)
(0.5214313385152999 -0.01 0.01510923017015795)
(0.5155873536995929 0 0.01591395903887619)
(0.5155873536995929 -0.01 0.01591395903887619)
(0.5097425294158958 0 0.01671256813943925)
(0.5097425294158958 -0.01 0.01671256813943925)
(0.5038966173621741 0 0.01750317525088349)
(0.5038966173621741 -0.01 0.01750317525088349)
(0.4980496082096816 0 0.0182856271128)
(0.4980496082096816 -0.01 0.0182856271128)
(0.4922017122715814 0 0.01906142366578469)
(0.4922017122715814 -0.01 0.01906142366578469)
(0.4863526576861298 0 0.01982843548086029)
(0.4863526576861298 -0.01 0.01982843548086029)
(0.4805025942424574 0 0.02058771430687934)
(0.4805025942424574 -0.01 0.02058771430687934)
(0.4746515667319244 0 0.02133952991987552)
(0.4746515667319244 -0.01 0.02133952991987552)
(0.4687993397147027 0 0.02208194795144131)
(0.4687993397147027 -0.01 0.02208194795144131)
(0.4629461538547993 0 0.02281676886285206)
(0.4629461538547993 -0.01 0.02281676886285206)
(0.4570917759890963 0 0.02354203174649978)
(0.4570917759890963 -0.01 0.02354203174649978)
(0.4512363740682288 0 0.02425897992418898)
(0.4512363740682288 -0.01 0.02425897992418898)
(0.4453798912828938 0 0.02496704552790511)
(0.4453798912828938 -0.01 0.02496704552790511)
(0.4395222626725827 0 0.02566556781360853)
(0.4395222626725827 -0.01 0.02566556781360853)
(0.433663533935147 0 0.02635480174777771)
(0.433663533935147 -0.01 0.02635480174777771)
(0.4278037787178173 0 0.027035253771064)
(0.4278037787178173 -0.01 0.027035253771064)
(0.4219427940885047 0 0.02770503596020385)
(0.4219427940885047 -0.01 0.02770503596020385)
(0.4160807292179066 0 0.02836529510866027)
(0.4160807292179066 -0.01 0.02836529510866027)
(0.4102175430057678 0 0.02901552369276597)
(0.4102175430057678 -0.01 0.02901552369276597)
(0.4043531398319863 0 0.02965467996693183)
(0.4043531398319863 -0.01 0.02965467996693183)
(0.3984876793450315 0 0.03028405956924945)
(0.3984876793450315 -0.01 0.03028405956924945)
(0.392621034515816 0 0.03090230608753164)
(0.392621034515816 -0.01 0.03090230608753164)
(0.3867532791010608 0 0.03150991902343851)
(0.3867532791010608 -0.01 0.03150991902343851)
(0.3808842757178393 0 0.03210535966295568)
(0.3808842757178393 -0.01 0.03210535966295568)
(0.3750141876538989 0 0.03269000604047946)
(0.3750141876538989 -0.01 0.03269000604047946)
(0.3691429266364933 0 0.03326275301761536)
(0.3691429266364933 -0.01 0.03326275301761536)
(0.3632704977678264 0 0.0338234059682684)
(0.3632704977678264 -0.01 0.0338234059682684)
(0.3573969132962599 0 0.03437181403431371)
(0.3573969132962599 -0.01 0.03437181403431371)
(0.3515221031341281 0 0.03490693306471754)
(0.3515221031341281 -0.01 0.03490693306471754)
(0.3456461741322731 0 0.03542962444878468)
(0.3456461741322731 -0.01 0.03542962444878468)
(0.3397691020273574 0 0.03593929881625169)
(0.3397691020273574 -0.01 0.03593929881625169)
(0.3338908602661486 0 0.03643530314102415)
(0.3338908602661486 -0.01 0.03643530314102415)
(0.328011449233703 0 0.03691724998720501)
(0.328011449233703 -0.01 0.03691724998720501)
(0.3221309155289668 0 0.03738529933072352)
(0.3221309155289668 -0.01 0.03738529933072352)
(0.3162492100763711 0 0.03783838549662079)
(0.3162492100763711 -0.01 0.03783838549662079)
(0.3103664364652217 0 0.03827738513775052)
(0.3103664364652217 -0.01 0.03827738513775052)
(0.3044824873548595 0 0.03870033861916997)
(0.3044824873548595 -0.01 0.03870033861916997)
(0.2985939531205458 0 -0.08068950025017377)
(0.2932459285646046 0 -0.08031917930055801)
(0.2932459285646046 -0.01 -0.08031917930055801)
(0.2985939531205458 -0.01 -0.08068950025017377)
(0.2879707130480223 5.071858268673113e-22 -0.07994081654116832)
(0.2879707130480223 -0.01 -0.07994081654116832)
(0.2827673286005793 5.071857833634759e-22 -0.07955431281471655)
(0.2827673286005793 -0.01 -0.07955431281471655)
(0.2776347803119212 0 -0.07916067051914458)
(0.2776347803119212 -0.01 -0.07916067051914458)
(0.2725722167630786 -5.281874920237818e-22 -0.07875971611602867)
(0.2725722167630786 -0.01 -0.07875971611602867)
(0.2675787481669102 -1.063567584268726e-21 -0.07835135793586605)
(0.2675787481669102 -0.01 -0.07835135793586605)
(0.262653446005329 -5.353800077156568e-22 -0.07793544845166032)
(0.262653446005329 -0.01 -0.07793544845166032)
(0.257795327041435 0 -0.07751304930029682)
(0.257795327041435 -0.01 -0.07751304930029682)
(0.2530035987094247 0 -0.0770842461048659)
(0.2530035987094247 -0.01 -0.0770842461048659)
(0.24827742224466 5.651410872635963e-22 -0.07664862229353374)
(0.24827742224466 -0.01 -0.07664862229353374)
(0.2436158974446531 5.651411090494277e-22 -0.07620666171423432)
(0.2436158974446531 -0.01 -0.07620666171423432)
(0.2390182073668746 5.80636364835513e-22 -0.07575834908062637)
(0.2390182073668746 -0.01 -0.07575834908062637)
(0.2344835253033004 5.806363987762042e-22 -0.07530390840697233)
(0.2344835253033004 -0.01 -0.07530390840697233)
(0.2300110297585134 5.965565198741163e-22 -0.07484320145630087)
(0.2300110297585134 -0.01 -0.07484320145630087)
(0.2255998737383333 5.96556593107765e-22 -0.07437697089817957)
(0.2255998737383333 -0.01 -0.07437697089817957)
(0.2212493444717939 6.129132257686126e-22 -0.07390467472099087)
(0.2212493444717939 -0.01 -0.07390467472099087)
(0.2169586199028639 6.129133022119755e-22 -0.07342680027617972)
(0.2169586199028639 -0.01 -0.07342680027617972)
(0.2127269420118073 0 -0.07294284381950167)
(0.2127269420118073 -0.01 -0.07294284381950167)
(0.2085533907810169 -6.382930214265251e-22 -0.07245416270935025)
(0.2085533907810169 -0.01 -0.07245416270935025)
(0.2044373803738327 8.691214397092335e-24 -0.07196054474495643)
(0.2044373803738327 -0.01 -0.07196054474495643)
(0.2003782071567448 6.469842650103688e-22 -0.07146114155370444)
(0.2003782071567448 -0.01 -0.07146114155370444)
(0.1963749742323997 6.647237695341108e-22 -0.07095697611309534)
(0.1963749742323997 -0.01 -0.07095697611309534)
(0.1924270656716918 6.647238774940575e-22 -0.07044811151951202)
(0.1924270656716918 -0.01 -0.07044811151951202)
(0.1885337778065306 0 -0.06993391977304257)
(0.1885337778065306 -0.01 -0.06993391977304257)
(0.1846942806193564 6.922489891716791e-22 -0.06941579832194689)
(0.1846942806193564 -0.01 -0.06941579832194689)
(0.1809081018130566 6.922488951375352e-22 -0.06889246134770596)
(0.1809081018130566 -0.01 -0.06889246134770596)
(0.1771743587487765 0 -0.0683647838080121)
(0.1771743587487765 -0.01 -0.0683647838080121)
(0.1734924301720978 0 -0.06783289016668359)
(0.1734924301720978 -0.01 -0.06783289016668359)
(0.169861697663197 7.307297321944617e-22 -0.06729681413359299)
(0.169861697663197 -0.01 -0.06729681413359299)
(0.1662815353000199 7.307296488657899e-22 -0.06675610561671988)
(0.1662815353000199 -0.01 -0.06675610561671988)
(0.1627511355774533 7.507659789322675e-22 -0.06621147956503454)
(0.1627511355774533 -0.01 -0.06621147956503454)
(0.159269931111015 7.507662968060591e-22 -0.06566358464662807)
(0.159269931111015 -0.01 -0.06566358464662807)
(0.1558374898678574 0 -0.06511084131853223)
(0.1558374898678574 -0.01 -0.06511084131853223)
(0.1524528941890643 -3.909271413108066e-22 -0.06455478745688145)
(0.1524528941890643 -0.01 -0.06455478745688145)
(0.149115708449396 -3.909270856261639e-22 -0.06399477304948453)
(0.149115708449396 -0.01 -0.06399477304948453)
(0.1458252073492498 0 -0.06343157230712958)
(0.1458252073492498 -0.01 -0.06343157230712958)
(0.1425810090127568 0 -0.06286460681461903)
(0.1425810090127568 -0.01 -0.06286460681461903)
(0.1393824515898193 4.126580829281232e-22 -0.06229341513904377)
(0.1393824515898193 -0.01 -0.06229341513904377)
(0.1362287514570395 8.309356997079455e-22 -0.06171953945126476)
(0.1362287514570395 -0.01 -0.06171953945126476)
(0.1331195845214147 8.422499094530947e-22 -0.06114189318894801)
(0.1331195845214147 -0.01 -0.06114189318894801)
(0.1300541983681567 8.537187692703734e-22 -0.06056157357770003)
(0.1300541983681567 -0.01 -0.06056157357770003)
(0.1270323199477786 4.297460310755693e-22 -0.0599774915218812)
(0.1270323199477786 -0.01 -0.0599774915218812)
(0.1240532072846234 4.415288420526695e-22 -0.05939004327177418)
(0.1240532072846234 -0.01 -0.05939004327177418)
(0.1211162845311716 4.415288922970413e-22 -0.05879974082628193)
(0.1211162845311716 -0.01 -0.05879974082628193)
(0.1182211335880497 0 -0.05820643423475626)
(0.1182211335880497 -0.01 -0.05820643423475626)
(0.1153672962161597 0 -0.0576098308881134)
(0.1153672962161597 -0.01 -0.0576098308881134)
(0.1125541631032208 -4.66072933075087e-22 -0.05700993370067108)
(0.1125541631032208 -0.01 -0.05700993370067108)
(0.1097811386928232 -4.660731302117668e-22 -0.05640765691856188)
(0.1097811386928232 -0.01 -0.05640765691856188)
(0.1070480284005255 0 -0.05580203703229938)
(0.1070480284005255 -0.01 -0.05580203703229938)
(0.10435416973874 0 -0.05519303304593129)
(0.10435416973874 -0.01 -0.05519303304593129)
(0.1016989181587313 0 -0.05458184953570958)
(0.1016989181587313 -0.01 -0.05458184953570958)
(0.09908209372652828 0 -0.05396744140117735)
(0.09908209372652828 -0.01 -0.05396744140117735)
(0.09650302654201928 0 -0.0533505113281413)
(0.09650302654201928 -0.01 -0.0533505113281413)
(0.09396146686841141 0 -0.05273058147869979)
(0.09396146686841141 -0.01 -0.05273058147869979)
(0.09145691633526337 0 -0.05210746080983614)
(0.09145691633526337 -0.01 -0.05210746080983614)
(0.08898875694258893 0 -0.05148177711031499)
(0.08898875694258893 -0.01 -0.05148177711031499)
(0.08655674377408436 0 -0.05085361322222307)
(0.08655674377408436 -0.01 -0.05085361322222307)
(0.08416057229986609 0 -0.05022169807876457)
(0.08416057229986609 -0.01 -0.05022169807876457)
(0.08179938360181851 0 -0.04958804106770959)
(0.08179938360181851 -0.01 -0.04958804106770959)
(0.07947341142860205 0 -0.04895076528015636)
(0.07947341142860205 -0.01 -0.04895076528015636)
(0.07718186947606027 0 -0.04831055962542208)
(0.07718186947606027 -0.01 -0.04831055962542208)
(0.07492442426471473 0 -0.0476674109371779)
(0.07492442426471473 -0.01 -0.0476674109371779)
(0.07270062732906646 0 -0.04702163894382359)
(0.07270062732906646 -0.01 -0.04702163894382359)
(0.07051026513177217 -5.865538830481589e-22 -0.04637292711730841)
(0.07051026513177217 -0.01 -0.04637292711730841)
(0.06835297644759968 7.986049243469647e-24 -0.04572104208274781)
(0.06835297644759968 -0.01 -0.04572104208274781)
(0.06622838888569876 5.945403103164442e-22 -0.0450662186460342)
(0.06622838888569876 -0.01 -0.0450662186460342)
(0.06413632376282696 -6.108416604982502e-22 -0.04440773837323538)
(0.06413632376282696 -0.01 -0.04440773837323538)
(0.06207612146586582 8.31736086221183e-24 -0.04374627367781778)
(0.06207612146586582 -0.01 -0.04374627367781778)
(0.06004760061532247 6.191595747093203e-22 -0.04308194748300202)
(0.06004760061532247 -0.01 -0.04308194748300202)
(0.0580507211256235 6.361383580827818e-22 -0.04241395750969196)
(0.0580507211256235 -0.01 -0.04241395750969196)
(0.05608502100470138 -8.660068165779785e-24 -0.04174213620339993)
(0.05608502100470138 -0.01 -0.04174213620339993)
(0.05414998015528688 -6.447987162185024e-22 -0.04106733825470359)
(0.05414998015528688 -0.01 -0.04106733825470359)
(0.05224568468525524 0 -0.04038875142585747)
(0.05224568468525524 -0.01 -0.04038875142585747)
(0.05037168790091621 6.714975626571737e-22 -0.03970642110433344)
(0.05037168790091621 -0.01 -0.03970642110433344)
(0.04852779219248762 -9.146568519926533e-24 -0.03902062418655965)
(0.04852779219248762 -0.01 -0.03902062418655965)
(0.04671407988709952 -1.370557145856462e-21 -0.03832998095553959)
(0.04671407988709952 -0.01 -0.03832998095553959)
(0.04492974423459253 -1.38922064349779e-21 -0.03763594756676243)
(0.04492974423459253 -0.01 -0.03763594756676243)
(0.04317513846275957 -6.993061299693068e-22 -0.03693712944683551)
(0.04317513846275957 -0.01 -0.03693712944683551)
(0.04144960937488609 -7.184803415857431e-22 -0.03623445380875628)
(0.04144960937488609 -0.01 -0.03623445380875628)
(0.03975349162252048 -7.184808186333859e-22 -0.03552693730393148)
(0.03975349162252048 -0.01 -0.03552693730393148)
(0.03808645735582085 7.381793281732081e-22 -0.03481429914093934)
(0.03808645735582085 -0.01 -0.03481429914093934)
(0.03644809796717756 7.381798494067118e-22 -0.03409700670169046)
(0.03644809796717756 -0.01 -0.03409700670169046)
(0.03483859489266285 0 -0.03337499043108919)
(0.03483859489266285 -0.01 -0.03337499043108919)
(0.03325827688405383 0 -0.03264658955355576)
(0.03325827688405383 -0.01 -0.03264658955355576)
(0.03170635950680626 0 -0.03191301504905029)
(0.03170635950680626 -0.01 -0.03191301504905029)
(0.03018335887946972 0 -0.0311732285299124)
(0.03018335887946972 -0.01 -0.0311732285299124)
(0.02868894842838872 0 -0.03042734140843545)
(0.02868894842838872 -0.01 -0.03042734140843545)
(0.02722324421556719 0 -0.02967536680262747)
(0.02722324421556719 -0.01 -0.02967536680262747)
(0.0257868412130177 0 -0.02891600521530008)
(0.0257868412130177 -0.01 -0.02891600521530008)
(0.02437940998976404 8.337439040999091e-22 -0.02814923674984314)
(0.02437940998976404 -0.01 -0.02814923674984314)
(0.02300104622629431 8.33747735552455e-22 -0.02737539917777508)
(0.02300104622629431 -0.01 -0.02737539917777508)
(0.02165244820533565 0 -0.02659306619562277)
(0.02165244820533565 -0.01 -0.02659306619562277)
(0.02033321906085719 8.682617090856101e-22 -0.02580281373304845)
(0.02033321906085719 -0.01 -0.02580281373304845)
(0.01904428829261007 8.682677552580363e-22 -0.02500405503842703)
(0.01904428829261007 -0.01 -0.02500405503842703)
(0.01778650361608633 0 -0.02419498753297447)
(0.01778650361608633 -0.01 -0.02419498753297447)
(0.01655922991323227 0 -0.02337670164954738)
(0.01655922991323227 -0.01 -0.02337670164954738)
(0.01536371626793945 9.165471485608474e-22 -0.02254846710441387)
(0.01536371626793945 -0.01 -0.02254846710441387)
(0.01420111081908263 9.165500710983905e-22 -0.02170882681567563)
(0.01420111081908263 -0.01 -0.02170882681567563)
(0.01307169617724311 0 -0.02085784879526449)
(0.01307169617724311 -0.01 -0.02085784879526449)
(0.0119767319489688 0 -0.01999453864999646)
(0.0119767319489688 -0.01 -0.01999453864999646)
(0.0109170777769479 0 -0.01911895783729859)
(0.0109170777769479 -0.01 -0.01911895783729859)
(0.00989461679710215 -4.903452528762467e-22 -0.01822969087541645)
(0.00989461679710215 -0.01 -0.01822969087541645)
(0.008910116674895465 -4.90353824064177e-22 -0.01732677525508535)
(0.008910116674895465 -0.01 -0.01732677525508535)
(0.007965806049669389 0 -0.016409095398204)
(0.007965806049669389 -0.01 -0.016409095398204)
(0.007063262590159593 0 -0.0154767857729666)
(0.007063262590159593 -0.01 -0.0154767857729666)
(0.006205268757416775 0 -0.01452898048856525)
(0.006205268757416775 -0.01 -0.01452898048856525)
(0.00539420546910283 0 -0.01356465546762529)
(0.00539420546910283 -0.01 -0.01356465546762529)
(0.004632497431663638 0 -0.01258441423672527)
(0.004632497431663638 -0.01 -0.01258441423672527)
(0.003923260959392726 0 -0.01158855266580547)
(0.003923260959392726 -0.01 -0.01158855266580547)
(0.003269587824285359 0 -0.01057679809953526)
(0.003269587824285359 -0.01 -0.01057679809953526)
(0.002675457992132732 5.53940474430627e-22 -0.009550448831974985)
(0.002675457992132732 -0.01 -0.009550448831974985)
(0.002144265233318918 5.539657924154791e-22 -0.008510336634153601)
(0.002144265233318918 -0.01 -0.008510336634153601)
(0.001679070683344797 -2.8460545258235e-22 -0.007458053327785951)
(0.001679070683344797 -0.01 -0.007458053327785951)
(0.001284388187495092 -2.846143457387402e-22 -0.006396592347004755)
(0.001284388187495092 -0.01 -0.006396592347004755)
(0.000961422114415682 0 -0.005328797079203412)
(0.000961422114415682 -0.01 -0.005328797079203412)
(0.00071319863771968 1.482204269621677e-22 -0.004258492650209514)
(0.00071319863771968 -0.01 -0.004258492650209514)
(0.0005405153154307589 1.482240914311646e-22 -0.003189765823536639)
(0.0005405153154307589 -0.01 -0.003189765823536639)
(0.0004434852104829041 -1.903893675695776e-23 -0.002126951900834648)
(0.0004434852104829041 -0.01 -0.002126951900834648)
(0.0004202114447543112 1.955721441623645e-23 -0.00107469908124214)
(0.0004202114447543112 -0.01 -0.00107469908124214)
(0.0004681747151420021 3.859528363178084e-23 -3.749008711450515e-05)
(0.0004681747151420021 -0.01 -3.749008711450515e-05)
(0.9970239526609176 0 -0.06986560237282217)
(0.991672444710096 4.540634961546181e-22 -0.06983260104163611)
(0.991672444710096 -0.01 -0.06983260104163611)
(0.9970239526609176 -0.01 -0.06986560237282217)
(0.9858589075197117 -4.144803943550808e-31 -0.07025742543990421)
(0.9858589075197117 -0.01 -0.07025742543990421)
(0.9800449913969241 -4.540635099904163e-22 -0.07067664857896314)
(0.9800449913969241 -0.01 -0.07067664857896314)
(0.9742306309042617 0 -0.07108932026819524)
(0.9742306309042617 -0.01 -0.07108932026819524)
(0.9684157930813504 -4.5406347945554e-22 -0.07149582638664879)
(0.9684157930813504 -0.01 -0.07149582638664879)
(0.9626005386688369 3.42313535380851e-30 -0.07189678853671554)
(0.9626005386688369 -0.01 -0.07189678853671554)
(0.9567849107665297 -2.496280993616235e-30 -0.07229231105658566)
(0.9567849107665297 -0.01 -0.07229231105658566)
(0.9509689579406768 -9.081270687583217e-22 -0.07268230731160863)
(0.9509689579406768 -0.01 -0.07268230731160863)
(0.9451525632056211 -5.862470892354817e-29 -0.07306574351392155)
(0.9451525632056211 -0.01 -0.07306574351392155)
(0.9393357608830675 4.540634786752986e-22 -0.07344380965050064)
(0.9393357608830675 -0.01 -0.07344380965050064)
(0.9335186234653734 0 -0.07381659839963337)
(0.9335186234653734 -0.01 -0.07381659839963337)
(0.9277011604412196 0 -0.0741838796200317)
(0.9277011604412196 -0.01 -0.0741838796200317)
(0.9218832983261216 4.540634724881025e-22 -0.07454531140779438)
(0.9218832983261216 -0.01 -0.07454531140779438)
(0.9160651356784749 4.540634886546395e-22 -0.07490200202050655)
(0.9160651356784749 -0.01 -0.07490200202050655)
(0.9102466688520452 4.540634690669064e-22 -0.07525302195169421)
(0.9102466688520452 -0.01 -0.07525302195169421)
(0.9044278260131613 4.54063454179023e-22 -0.07559835847435059)
(0.9044278260131613 -0.01 -0.07559835847435059)
(0.8986086742109648 0 -0.07593885417228478)
(0.8986086742109648 -0.01 -0.07593885417228478)
(0.8927892341274607 0 -0.07627422350730409)
(0.8927892341274607 -0.01 -0.07627422350730409)
(0.8869695143370536 2.27031738569013e-22 -0.07660452546390195)
(0.8869695143370536 -0.01 -0.07660452546390195)
(0.8811495172430366 2.270317411193449e-22 -0.07692946388791019)
(0.8811495172430366 -0.01 -0.07692946388791019)
(0.8753291577542139 2.270317060076323e-22 -0.07724876591306053)
(0.8753291577542139 -0.01 -0.07724876591306053)
(0.8695085683383847 2.270317177795743e-22 -0.07756389010133491)
(0.8695085683383847 -0.01 -0.07756389010133491)
(0.8636876962106668 0 -0.07787339973939128)
(0.8636876962106668 -0.01 -0.07787339973939128)
(0.8578665611356843 0 -0.078178318351851)
(0.8578665611356843 -0.01 -0.078178318351851)
(0.8520451732608707 -2.270317349734901e-22 -0.07847809869801427)
(0.8520451732608707 -0.01 -0.07847809869801427)
(0.8462235497683874 -4.540634850578113e-22 -0.07877295811658351)
(0.8462235497683874 -0.01 -0.07877295811658351)
(0.840401622484752 -2.270317349267543e-22 -0.07906231607492208)
(0.840401622484752 -0.01 -0.07906231607492208)
(0.8345794648257967 2.270317384388592e-22 -0.07934740293255103)
(0.8345794648257967 -0.01 -0.07934740293255103)
(0.8287570840964171 4.540634718478978e-22 -0.07962744159248429)
(0.8287570840964171 -0.01 -0.07962744159248429)
(0.8229344533038248 2.270317336528413e-22 -0.07990269858935062)
(0.8229344533038248 -0.01 -0.07990269858935062)
(0.8171115937092547 0 -0.08017342135574314)
(0.8171115937092547 -0.01 -0.08017342135574314)
(0.8112885742906957 0 -0.08043973614292217)
(0.8112885742906957 -0.01 -0.08043973614292217)
(0.8054653230246525 0 -0.08070050441309271)
(0.8054653230246525 -0.01 -0.08070050441309271)
(0.7996418027482809 0 -0.08095642115429955)
(0.7996418027482809 -0.01 -0.08095642115429955)
(0.7938180931694853 -2.270317359085934e-22 -0.08120804102481698)
(0.7938180931694853 -0.01 -0.08120804102481698)
(0.7879942034974843 -2.270317366184109e-22 -0.08145485753183632)
(0.7879942034974843 -0.01 -0.08145485753183632)
(0.7821701293918132 0 -0.08169678322408351)
(0.7821701293918132 -0.01 -0.08169678322408351)
(0.7763458093725489 0 -0.08193342429968455)
(0.7763458093725489 -0.01 -0.08193342429968455)
(0.7705212856683546 2.270317341040391e-22 -0.08216584208105518)
(0.7705212856683546 -0.01 -0.08216584208105518)
(0.7646966222064264 2.27031739022895e-22 -0.08239375900250988)
(0.7646966222064264 -0.01 -0.08239375900250988)
(0.7588717476844887 0 -0.08261656503896578)
(0.7588717476844887 -0.01 -0.08261656503896578)
(0.7530467295269674 2.270317411228377e-22 -0.08283518221983976)
(0.7530467295269674 -0.01 -0.08283518221983976)
(0.7472215262888804 2.270317337608666e-22 -0.08304832942656067)
(0.7472215262888804 -0.01 -0.08304832942656067)
(0.741396097024052 2.27031730130271e-22 -0.08325688401865776)
(0.741396097024052 -0.01 -0.08325688401865776)
(0.7355705583666572 2.270317407320588e-22 -0.08346135887030452)
(0.7355705583666572 -0.01 -0.08346135887030452)
(0.7297448482099829 0 -0.08366041891766438)
(0.7297448482099829 -0.01 -0.08366041891766438)
(0.7239189924944981 0 -0.08385502682574517)
(0.7239189924944981 -0.01 -0.08385502682574517)
(0.7180929241951327 -2.270317243626668e-22 -0.08404410477792124)
(0.7180929241951327 -0.01 -0.08404410477792124)
(0.7122667444824677 -2.270317401884875e-22 -0.08422944310813485)
(0.7122667444824677 -0.01 -0.08422944310813485)
(0.7064404359284943 0 -0.08440904275925283)
(0.7064404359284943 -0.01 -0.08440904275925283)
(0.7006139123473434 2.270317308282971e-22 -0.08458372165602343)
(0.7006139123473434 -0.01 -0.08458372165602343)
(0.694787262811954 2.270317360121517e-22 -0.08475418583232898)
(0.694787262811954 -0.01 -0.08475418583232898)
(0.688960541099127 0 -0.0849197524681586)
(0.688960541099127 -0.01 -0.0849197524681586)
(0.6831336497214858 1.135158662766402e-22 -0.08507949793956163)
(0.6831336497214858 -0.01 -0.08507949793956163)
(0.6773065756694819 1.135158655104568e-22 -0.08523450702678213)
(0.6773065756694819 -0.01 -0.08523450702678213)
(0.6714793846032221 0 -0.08538497567512954)
(0.6714793846032221 -0.01 -0.08538497567512954)
(0.6656521401128023 -1.13515874345231e-22 -0.08553066178772481)
(0.6656521401128023 -0.01 -0.08553066178772481)
(0.6598247503757044 -1.135158686367792e-22 -0.08567021694428471)
(0.6598247503757044 -0.01 -0.08567021694428471)
(0.6539971792152939 0 -0.08580488219163988)
(0.6539971792152939 -0.01 -0.08580488219163988)
(0.648169516799312 0 -0.08593496149262579)
(0.648169516799312 -0.01 -0.08593496149262579)
(0.64234180042719 0 -0.08605984758315838)
(0.64234180042719 -0.01 -0.08605984758315838)
(0.6365139504001112 0 -0.08617875776152746)
(0.6365139504001112 -0.01 -0.08617875776152746)
(0.6306859787976733 -1.135158681004463e-22 -0.08629267636353594)
(0.6306859787976733 -0.01 -0.08629267636353594)
(0.6248579417376807 -1.135158701681897e-22 -0.08640112984228659)
(0.6248579417376807 -0.01 -0.08640112984228659)
(0.6190297692522511 0 -0.08650368378441134)
(0.6190297692522511 -0.01 -0.08650368378441134)
(0.6132015025284023 0 -0.08660144436079847)
(0.6132015025284023 -0.01 -0.08660144436079847)
(0.6073731764989754 0 -0.0866935755859705)
(0.6073731764989754 -0.01 -0.0866935755859705)
(0.6015447960532837 0 -0.08678016132297658)
(0.6015447960532837 -0.01 -0.08678016132297658)
(0.5957163124131457 0 -0.08686040395887158)
(0.5957163124131457 -0.01 -0.08686040395887158)
(0.5898877569854051 0 -0.08693539134297519)
(0.5898877569854051 -0.01 -0.08693539134297519)
(0.5840591365624697 0 -0.08700407781526863)
(0.5840591365624697 -0.01 -0.08700407781526863)
(0.5782304456383762 0 -0.08706721215081353)
(0.5782304456383762 -0.01 -0.08706721215081353)
(0.5724017135504155 0 -0.0871242259846189)
(0.5724017135504155 -0.01 -0.0871242259846189)
(0.5665729639001882 0 -0.0871751764398684)
(0.5665729639001882 -0.01 -0.0871751764398684)
(0.5607441136298162 0 -0.08721910747296568)
(0.5607441136298162 -0.01 -0.08721910747296568)
(0.5549152271551451 0 -0.08725798793681504)
(0.5549152271551451 -0.01 -0.08725798793681504)
(0.5490863526924179 0 -0.08728985695836244)
(0.5490863526924179 -0.01 -0.08728985695836244)
(0.5432574419384202 0 -0.08731540306402319)
(0.5432574419384202 -0.01 -0.08731540306402319)
(0.5374284852563393 0 -0.08733405812221899)
(0.5374284852563393 -0.01 -0.08733405812221899)
(0.531599533425703 0 -0.0873468517350704)
(0.531599533425703 -0.01 -0.0873468517350704)
(0.5257706092181664 -1.773685563394037e-24 -0.0873522719023465)
(0.5257706092181664 -0.01 -0.0873522719023465)
(0.5199416687609806 5.321056820181289e-24 -0.08735091893060892)
(0.5199416687609806 -0.01 -0.08735091893060892)
(0.5141127309743302 7.094742281735347e-24 -0.0873425156396636)
(0.5141127309743302 -0.01 -0.0873425156396636)
(0.5082838435510378 -2.837897065728034e-23 -0.0873274156783744)
(0.5082838435510378 -0.01 -0.0873274156783744)
(0.5024549994054216 -2.837896939626534e-23 -0.08730440644292868)
(0.5024549994054216 -0.01 -0.08730440644292868)
(0.4966261440824786 0 -0.08727429218670081)
(0.4966261440824786 -0.01 -0.08727429218670081)
(0.4907973943630335 0 -0.08723728385566533)
(0.4907973943630335 -0.01 -0.08723728385566533)
(0.4849687068380411 0 -0.08719163713294512)
(0.4849687068380411 -0.01 -0.08719163713294512)
(0.4791400550542623 0 -0.08713907240929893)
(0.4791400550542623 -0.01 -0.08713907240929893)
(0.4733115428828807 -5.675794368249835e-23 -0.08707839382013337)
(0.4733115428828807 -0.01 -0.08707839382013337)
(0.4674831250405165 -5.675794306708381e-23 -0.08700938388917244)
(0.4674831250405165 -0.01 -0.08700938388917244)
(0.4616547916840217 1.135158833859573e-22 -0.08693222127475811)
(0.4616547916840217 -0.01 -0.08693222127475811)
(0.4558266027269963 -9.403025427495043e-31 -0.08684714013842779)
(0.4558266027269963 -0.01 -0.08684714013842779)
(0.4499985655999688 -1.135158865744966e-22 -0.08675311050247732)
(0.4499985655999688 -0.01 -0.08675311050247732)
(0.4441706784365906 0 -0.08665082966382649)
(0.4441706784365906 -0.01 -0.08665082966382649)
(0.4383429879967846 0 -0.08653933699282811)
(0.4383429879967846 -0.01 -0.08653933699282811)
(0.4325154450135606 -1.135158884641363e-22 -0.08641895036853921)
(0.4325154450135606 -0.01 -0.08641895036853921)
(0.4266881305470289 -1.135158997035393e-22 -0.08629004515307635)
(0.4266881305470289 -0.01 -0.08629004515307635)
(0.4208610950758612 -1.135158984539699e-22 -0.08615116734127334)
(0.4208610950758612 -0.01 -0.08615116734127334)
(0.4150342852160518 -1.13515898334788e-22 -0.08600260889900839)
(0.4150342852160518 -0.01 -0.08600260889900839)
(0.4092077067924794 0 -0.08584438463774809)
(0.4092077067924794 -0.01 -0.08584438463774809)
(0.4033814615182957 0 -0.08567701567156542)
(0.4033814615182957 -0.01 -0.08567701567156542)
(0.3975555678145621 0 -0.08549817461916541)
(0.3975555678145621 -0.01 -0.08549817461916541)
(0.3917299231993036 0 -0.08530994069313982)
(0.3917299231993036 -0.01 -0.08530994069313982)
(0.3859047255392136 0 -0.08511132150380209)
(0.3859047255392136 -0.01 -0.08511132150380209)
(0.380079934970088 0 -0.0849009388574337)
(0.380079934970088 -0.01 -0.0849009388574337)
(0.3742555095102474 0 -0.08468030898195762)
(0.3742555095102474 -0.01 -0.08468030898195762)
(0.3684315730890488 0 -0.08444824633625921)
(0.3684315730890488 -0.01 -0.08444824633625921)
(0.3626081243723059 2.270318367836227e-22 -0.08420489853143169)
(0.3626081243723059 -0.01 -0.08420489853143169)
(0.3567852143228051 4.54063666466646e-22 -0.08394948807185158)
(0.3567852143228051 -0.01 -0.08394948807185158)
(0.3509628514566394 -3.439888738683146e-30 -0.08368227808875513)
(0.3509628514566394 -0.01 -0.08368227808875513)
(0.3451411068889591 -2.270318538328661e-22 -0.0834026000051829)
(0.3451411068889591 -0.01 -0.0834026000051829)
(0.3393199813233474 -2.270318471775257e-22 -0.08311036532211534)
(0.3393199813233474 -0.01 -0.08311036532211534)
(0.3334995172834959 -2.270318575453847e-22 -0.08280560958294661)
(0.3334995172834959 -0.01 -0.08280560958294661)
(0.3276797986103556 0 -0.08248785114946339)
(0.3276797986103556 -0.01 -0.08248785114946339)
(0.3218608753995624 0 -0.08215641516939119)
(0.3218608753995624 -0.01 -0.08215641516939119)
(0.316042766066383 0 -0.08181121959075044)
(0.316042766066383 -0.01 -0.08181121959075044)
(0.3102255469134723 0 -0.08145203240084625)
(0.3102255469134723 -0.01 -0.08145203240084625)
(0.304409285757264 0 -0.08107808700701356)
(0.304409285757264 -0.01 -0.08107808700701356)
(0.2933597001392684 2.571576694741414e-22 0.03895639597000951)
(0.2985635732756927 4.487068391075993e-22 0.03860962773821976)
(0.2985635732756927 -0.01 0.03860962773821976)
(0.2933597001392684 -0.01 0.03895639597000951)
(0.2882249055115182 2.571576923173525e-22 0.03928623222399802)
(0.2882249055115182 -0.01 0.03928623222399802)
(0.2831583099232894 2.642086181970222e-22 0.03959879240486141)
(0.2831583099232894 -0.01 0.03959879240486141)
(0.2781590608779791 2.64208635436679e-22 0.03989492772191277)
(0.2781590608779791 -0.01 0.03989492772191277)
(0.2732262812619775 0 0.04017450487669161)
(0.2732262812619775 -0.01 0.04017450487669161)
(0.2683590600478515 2.751491213747576e-22 0.04043793174233865)
(0.2683590600478515 -0.01 0.04043793174233865)
(0.2635566879117015 2.751491861525528e-22 0.0406862626400618)
(0.2635566879117015 -0.01 0.0406862626400618)
(0.258818228455127 0 0.04091813066704147)
(0.258818228455127 -0.01 0.04091813066704147)
(0.2541428234409502 -1.432712496790829e-22 0.04113480824501307)
(0.2541428234409502 -0.01 0.04113480824501307)
(0.2495297192808662 1.950785594403854e-24 0.04133658552513374)
(0.2495297192808662 -0.01 0.04133658552513374)
(0.2449781225815812 1.452220478156436e-22 0.04152360004883614)
(0.2449781225815812 -0.01 0.04152360004883614)
(0.2404872101115688 0 0.04169584539085481)
(0.2404872101115688 -0.01 0.04169584539085481)
(0.2360562381962278 0 0.04185399053095943)
(0.2360562381962278 -0.01 0.04185399053095943)
(0.2316843723514789 0 0.04199752623113759)
(0.2316843723514789 -0.01 0.04199752623113759)
(0.2273708638911761 0 0.04212779280714736)
(0.2273708638911761 -0.01 0.04212779280714736)
(0.2231150766412745 7.874903582078822e-23 0.04224474598535211)
(0.2231150766412745 -0.01 0.04224474598535211)
(0.2189161599902035 7.874902136417906e-23 0.04234755188381046)
(0.2189161599902035 -0.01 0.04234755188381046)
(0.2147733313185647 0 0.04243763189976167)
(0.2147733313185647 -0.01 0.04243763189976167)
(0.2106860568746101 0 0.04251548132713705)
(0.2106860568746101 -0.01 0.04251548132713705)
(0.2066534946083409 0 0.0425795081414763)
(0.2066534946083409 -0.01 0.0425795081414763)
(0.2026749276289416 0 0.04263180907052609)
(0.2026749276289416 -0.01 0.04263180907052609)
(0.1987497619473217 0 0.04267157725370925)
(0.1987497619473217 -0.01 0.04267157725370925)
(0.1948772241918037 2.164217394142399e-23 0.04269911332239555)
(0.1948772241918037 -0.01 0.04269911332239555)
(0.1910566763193249 2.164217596017746e-23 0.04271505318739097)
(0.1910566763193249 -0.01 0.04271505318739097)
(0.1872874803171142 0 0.04271923464229602)
(0.1872874803171142 -0.01 0.04271923464229602)
(0.1835689581196738 0 0.04271186986789619)
(0.1835689581196738 -0.01 0.04271186986789619)
(0.1799003950516038 0 0.04269317513936891)
(0.1799003950516038 -0.01 0.04269317513936891)
(0.1762812831990141 4.631262736054738e-23 0.0426643499838916)
(0.1762812831990141 -0.01 0.0426643499838916)
(0.1727109904347855 4.631261479383168e-23 0.0426236090826462)
(0.1727109904347855 -0.01 0.0426236090826462)
(0.1691887709754465 0 0.04257244302897546)
(0.1691887709754465 -0.01 0.04257244302897546)
(0.1657140924571499 -9.646077633625121e-23 0.04251077534306336)
(0.1657140924571499 -0.01 0.04251077534306336)
(0.1622863930803876 -9.646079834945018e-23 0.04243892688115191)
(0.1622863930803876 -0.01 0.04243892688115191)
(0.1589049901375836 9.910560671316487e-23 0.04235625885755927)
(0.1589049901375836 -0.01 0.04235625885755927)
(0.1555693322662043 1.995607017920584e-22 0.04226449157544274)
(0.1555693322662043 -0.01 0.04226449157544274)
(0.1522789248896076 1.004550282158747e-22 0.04216209762495425)
(0.1522789248896076 -0.01 0.04216209762495425)
(0.1490330362555901 0 0.04205019346414306)
(0.1490330362555901 -0.01 0.04205019346414306)
(0.1458312027941807 0 0.04192908952867071)
(0.1458312027941807 -0.01 0.04192908952867071)
(0.1426729040187887 -1.060392702362134e-22 0.04179849944657498)
(0.1426729040187887 -0.01 0.04179849944657498)
(0.1395575769282629 1.443837154324239e-24 0.04165849099547666)
(0.1395575769282629 -0.01 0.04165849099547666)
(0.136484659366761 -1.10410274600889e-22 0.0415090927399656)
(0.136484659366761 -0.01 0.0415090927399656)
(0.1334536113767573 -2.178934020495963e-22 0.0413507182190864)
(0.1334536113767573 -0.01 0.0413507182190864)
(0.1304639017564712 0 0.04118338856998672)
(0.1304639017564712 -0.01 0.04118338856998672)
(0.1275150094434036 0 0.04100766930773603)
(0.1275150094434036 -0.01 0.04100766930773603)
(0.1246065224853624 0 0.04082335963861302)
(0.1246065224853624 -0.01 0.04082335963861302)
(0.12173789324402 2.331376704896783e-22 0.04063011255382087)
(0.12173789324402 -0.01 0.04063011255382087)
(0.1189085584286321 2.331376918990109e-22 0.04042864735025128)
(0.1189085584286321 -0.01 0.04042864735025128)
(0.1161180826007278 2.395301051329153e-22 0.04021896074950502)
(0.1161180826007278 -0.01 0.04021896074950502)
(0.1133660282788264 4.823220127886013e-22 0.04000131385485109)
(0.1133660282788264 -0.01 0.04000131385485109)
(0.1106519774701393 2.427918303244331e-22 0.03977513004449439)
(0.1106519774701393 -0.01 0.03977513004449439)
(0.1079753393327337 0 0.03954070003800687)
(0.1079753393327337 -0.01 0.03954070003800687)
(0.1053356440963694 0 0.03929868164828704)
(0.1053356440963694 -0.01 0.03929868164828704)
(0.1027325740857104 -2.562884067288807e-22 0.03904895355078575)
(0.1027325740857104 -0.01 0.03904895355078575)
(0.1001656229211815 -2.562883237808366e-22 0.03879107883902091)
(0.1001656229211815 -0.01 0.03879107883902091)
(0.09763432433179793 0 0.03852609078427859)
(0.09763432433179793 -0.01 0.03852609078427859)
(0.0951384308838517 0 0.03825291289083606)
(0.0951384308838517 -0.01 0.03825291289083606)
(0.09267733524746366 0 0.03797203299635576)
(0.09267733524746366 -0.01 0.03797203299635576)
(0.09025058093132014 0 0.03768380400536911)
(0.09025058093132014 -0.01 0.03768380400536911)
(0.08785794461358962 0 0.03738887430780044)
(0.08785794461358962 -0.01 0.03738887430780044)
(0.08549912929472131 0 0.03708517250057744)
(0.08549912929472131 -0.01 0.03708517250057744)
(0.08317333717291353 0 0.03677477938595306)
(0.08317333717291353 -0.01 0.03677477938595306)
(0.08088057297481838 -2.894623401160803e-22 0.03645728048949622)
(0.08088057297481838 -0.01 0.03645728048949622)
(0.07862040333299164 3.942222459786417e-24 0.03613163681486938)
(0.07862040333299164 -0.01 0.03613163681486938)
(0.07639221443163323 2.934044891769991e-22 0.03579927975617303)
(0.07639221443163323 -0.01 0.03579927975617303)
(0.07419595779817288 0 0.03545978052494186)
(0.07419595779817288 -0.01 0.03545978052494186)
(0.07203121435717631 -3.055531464476747e-22 0.03511233515063967)
(0.07203121435717631 -0.01 0.03511233515063967)
(0.06989753403050107 -3.055535031037167e-22 0.03475821033556575)
(0.06989753403050107 -0.01 0.03475821033556575)
(0.06779479268275951 0 0.03439593907170167)
(0.06779479268275951 -0.01 0.03439593907170167)
(0.06572236045328453 3.182057827327564e-22 0.03402709488796533)
(0.06572236045328453 -0.01 0.03402709488796533)
(0.06368025104250348 -4.333646503985805e-24 0.03365054705631507)
(0.06368025104250348 -0.01 0.03365054705631507)
(0.06166798639084677 -3.225395320018622e-22 0.03326672343859407)
(0.06166798639084677 -0.01 0.03326672343859407)
(0.05968539802258054 0 0.03287536944192516)
(0.05968539802258054 -0.01 0.03287536944192516)
(0.05773211358794362 3.358956376204353e-22 0.03247620162878124)
(0.05773211358794362 -0.01 0.03247620162878124)
(0.05580775356960371 6.763651797729717e-22 0.03207011817480532)
(0.05580775356960371 -0.01 0.03207011817480532)
(0.05391234200766651 3.404692296237805e-22 0.03165616555745565)
(0.05391234200766651 -0.01 0.03165616555745565)
(0.05204547386984419 3.498048497349595e-22 0.03123444424352779)
(0.05204547386984419 -0.01 0.03123444424352779)
(0.05020696615341864 7.04374207992421e-22 0.03080496799255694)
(0.05020696615341864 -0.01 0.03080496799255694)
(0.04839658066035165 7.139644509843133e-22 0.03036727566273666)
(0.04839658066035165 -0.01 0.03036727566273666)
(0.0466140154782381 3.593962175177277e-22 0.02992215765819247)
(0.0466140154782381 -0.01 0.02992215765819247)
(0.04485930658925418 3.69250328554e-22 0.02946820802358662)
(0.04485930658925418 -0.01 0.02946820802358662)
(0.04313198922124362 -5.026626067647208e-24 0.02900685876961465)
(0.04313198922124362 -0.01 0.02900685876961465)
(0.04143244844260594 -3.742776980508776e-22 0.02853602224434267)
(0.04143244844260594 -0.01 0.02853602224434267)
(0.03975985690306721 0 0.02805673115270329)
(0.03975985690306721 -0.01 0.02805673115270329)
(0.03811434827801741 0 0.02756946276135964)
(0.03811434827801741 -0.01 0.02756946276135964)
(0.03649626355693389 -3.950850126932169e-22 0.02707229191415995)
(0.03649626355693389 -0.01 0.02707229191415995)
(0.03490493672988849 -3.950854660353279e-22 0.02656606939326282)
(0.03490493672988849 -0.01 0.02656606939326282)
(0.03334060147787444 0 0.0260505585465022)
(0.03334060147787444 -0.01 0.0260505585465022)
(0.03180333233395142 0 0.0255249161470168)
(0.03180333233395142 -0.01 0.0255249161470168)
(0.03029291689997165 4.170503818601743e-22 0.02498934861720988)
(0.03029291689997165 -0.01 0.02498934861720988)
(0.02880955554043179 4.170510693134007e-22 0.0244433623049681)
(0.02880955554043179 -0.01 0.0244433623049681)
(0.02735328109206872 0 0.02388662478527152)
(0.02735328109206872 -0.01 0.02388662478527152)
(0.02592422224397435 0 0.02331893403536832)
(0.02592422224397435 -0.01 0.02331893403536832)
(0.024522597318196 4.402301847933377e-22 0.02273941541744002)
(0.024522597318196 -0.01 0.02273941541744002)
(0.02314840865281026 4.40233338908921e-22 0.02214870662871615)
(0.02314840865281026 -0.01 0.02214870662871615)
(0.02180256089760945 4.52310937264461e-22 0.02154472722313753)
(0.02180256089760945 -0.01 0.02154472722313753)
(0.02048464007120057 -6.156302236223365e-24 0.02092847866331742)
(0.02048464007120057 -0.01 0.02092847866331742)
(0.01919573215229756 -4.584719599314139e-22 0.02029852658805561)
(0.01919573215229756 -0.01 0.02029852658805561)
(0.01793605417956817 4.710398140924267e-22 0.01965446960590985)
(0.01793605417956817 -0.01 0.01965446960590985)
(0.01670617584442298 4.710431130998206e-22 0.01899594010806306)
(0.01670617584442298 -0.01 0.01899594010806306)
(0.01550704908041084 -4.839673833922353e-22 0.01832207050614239)
(0.01550704908041084 -0.01 0.01832207050614239)
(0.01433947931729894 -4.839688256250637e-22 0.0176318505161836)
(0.01433947931729894 -0.01 0.0176318505161836)
(0.01320389306204999 4.972453475401081e-22 0.01692567997590221)
(0.01320389306204999 -0.01 0.01692567997590221)
(0.01210217854895169 -6.750061517564408e-24 0.01620220223934349)
(0.01210217854895169 -0.01 0.01620220223934349)
(0.01103553227612507 -5.040050877264319e-22 0.01545999762208277)
(0.01103553227612507 -0.01 0.01545999762208277)
(0.01000481152037697 5.178548659671532e-22 0.01469960884470255)
(0.01000481152037697 -0.01 0.01469960884470255)
(0.00901276639275436 5.178619616659579e-22 0.01391932493201329)
(0.00901276639275436 -0.01 0.01391932493201329)
(0.008060691623477945 -5.319675308270388e-22 0.01311889910215572)
(0.008060691623477945 -0.01 0.01311889910215572)
(0.007150818399102198 -5.319806111922071e-22 0.01229743978854686)
(0.007150818399102198 -0.01 0.01229743978854686)
(0.006285971076152619 5.467227388459892e-22 0.01145486589471256)
(0.006285971076152619 -0.01 0.01145486589471256)
(0.005468648465975109 -7.192589809667238e-24 0.01059069279227266)
(0.005468648465975109 -0.01 0.01059069279227266)
(0.004701390181735352 7.751109851279163e-24 0.009704747340602957)
(0.004701390181735352 -0.01 0.009704747340602957)
(0.003988667370022176 5.617297444485775e-22 0.008797457873561587)
(0.003988667370022176 -0.01 0.008797457873561587)
(0.003333060736514399 0 0.007869381645890936)
(0.003333060736514399 -0.01 0.007869381645890936)
(0.002737449786048476 0 0.006921442213492814)
(0.002737449786048476 -0.01 0.006921442213492814)
(0.002205985294538834 0 0.005955908116381833)
(0.002205985294538834 -0.01 0.005955908116381833)
(0.001741312016422293 0 0.00497524133225248)
(0.001741312016422293 -0.01 0.00497524133225248)
(0.001345289305207847 0 0.003981916037474453)
(0.001345289305207847 -0.01 0.003981916037474453)
(0.001019862673442886 -3.088736023002588e-22 0.002979981657096177)
(0.001019862673442886 -0.01 0.002979981657096177)
(0.0007659318762147655 -4.654175477460547e-22 0.001973172256254072)
(0.0007659318762147655 -0.01 0.001973172256254072)
(0.0005825347631510373 -1.565427886776093e-22 0.0009657167085226664)
(0.0005825347631510373 -0.01 0.0009657167085226664)
(0.9916519187558323 0 -0.06913865572650005)
(0.9916519187558323 -0.01 -0.06913865572650005)
(0.9858861693042037 -8.974130192228283e-22 -0.06789389312689406)
(0.9858861693042037 -0.01 -0.06789389312689406)
(0.9801189219239037 -8.974129642975894e-22 -0.06665609944753549)
(0.9801189219239037 -0.01 -0.06665609944753549)
(0.974350413523446 -8.974130148734454e-22 -0.06542397891239853)
(0.974350413523446 -0.01 -0.06542397891239853)
(0.9685806409420616 -8.97413005053082e-22 -0.06419779638854921)
(0.9685806409420616 -0.01 -0.06419779638854921)
(0.9628096680395649 0 -0.0629773034229662)
(0.9628096680395649 -0.01 -0.0629773034229662)
(0.957037410133728 -8.974129830581885e-22 -0.06176290604600383)
(0.957037410133728 -0.01 -0.06176290604600383)
(0.9512639319901603 -8.974129760359992e-22 -0.06055420126544957)
(0.9512639319901603 -0.01 -0.06055420126544957)
(0.9454893246280376 0 -0.05935101383574042)
(0.9454893246280376 -0.01 -0.05935101383574042)
(0.9397134068778146 0 -0.05815405356376392)
(0.9397134068778146 -0.01 -0.05815405356376392)
(0.9339363955615607 0 -0.05696222797354527)
(0.9339363955615607 -0.01 -0.05696222797354527)
(0.9281582786131516 0 -0.05577591747939329)
(0.9281582786131516 -0.01 -0.05577591747939329)
(0.9223789429992106 0 -0.0545954191394248)
(0.9223789429992106 -0.01 -0.0545954191394248)
(0.9165986082048122 0 -0.05341978041444952)
(0.9165986082048122 -0.01 -0.05341978041444952)
(0.9108171518691494 0 -0.05224976747206467)
(0.9108171518691494 -0.01 -0.05224976747206467)
(0.9050346209248649 -8.974129567963471e-22 -0.05108506771477354)
(0.9050346209248649 -0.01 -0.05108506771477354)
(0.8992509427681213 -1.462431856511071e-29 -0.04992595096371901)
(0.8992509427681213 -0.01 -0.04992595096371901)
(0.8934663108049866 1.794825863585716e-21 -0.04877156127520137)
(0.8934663108049866 -0.01 -0.04877156127520137)
(0.8876806285332217 -1.94188291584949e-29 -0.0476225767346776)
(0.8876806285332217 -0.01 -0.0476225767346776)
(0.8818938599230062 -8.974129213785682e-22 -0.04647890106096712)
(0.8818938599230062 -0.01 -0.04647890106096712)
(0.8761062040713311 0 -0.04533984378669775)
(0.8761062040713311 -0.01 -0.04533984378669775)
(0.8703173776494882 0 -0.04420663747208657)
(0.8703173776494882 -0.01 -0.04420663747208657)
(0.8645277444535534 0 -0.0430775417080357)
(0.8645277444535534 -0.01 -0.0430775417080357)
(0.8587370094842462 8.974129162096875e-22 -0.04195423241900327)
(0.8587370094842462 -0.01 -0.04195423241900327)
(0.8529453399478345 8.974129268135162e-22 -0.04083557210629391)
(0.8529453399478345 -0.01 -0.04083557210629391)
(0.8471527480475837 0 -0.03972190431363096)
(0.8471527480475837 -0.01 -0.03972190431363096)
(0.8413590642908108 -8.974128990696725e-22 -0.03861379361859547)
(0.8413590642908108 -0.01 -0.03861379361859547)
(0.8355644851332019 -1.87931414684204e-29 -0.03751005999828496)
(0.8355644851332019 -0.01 -0.03751005999828496)
(0.8297691841437106 -3.2390194869447e-29 -0.03641054132437158)
(0.8297691841437106 -0.01 -0.03641054132437158)
(0.8239726918015909 -1.794825788069612e-21 -0.03531722082213896)
(0.8239726918015909 -0.01 -0.03531722082213896)
(0.8181754359800487 -8.974129259946597e-22 -0.03422765784832808)
(0.8181754359800487 -0.01 -0.03422765784832808)
(0.8123773297545259 0 -0.03314303618348177)
(0.8123773297545259 -0.01 -0.03314303618348177)
(0.8065781655173825 -8.97412903065726e-22 -0.03206391241793149)
(0.8065781655173825 -0.01 -0.03206391241793149)
(0.8007782186683319 -2.371767270067259e-29 -0.0309889837705591)
(0.8007782186683319 -0.01 -0.0309889837705591)
(0.7949772678224619 -1.371915619018552e-29 -0.02991947788798645)
(0.7949772678224619 -0.01 -0.02991947788798645)
(0.7891755187987922 4.27232367473764e-30 -0.02885413041936399)
(0.7891755187987922 -0.01 -0.02885413041936399)
(0.7833729501941289 8.974129221367722e-22 -0.02779345773005364)
(0.7833729501941289 -0.01 -0.02779345773005364)
(0.7775694797091397 0 -0.02673779405451355)
(0.7775694797091397 -0.01 -0.02673779405451355)
(0.7717651228252334 0 -0.02568706212849286)
(0.7717651228252334 -0.01 -0.02568706212849286)
(0.7659597903885245 -8.974129220778427e-22 -0.02464154098400695)
(0.7659597903885245 -0.01 -0.02464154098400695)
(0.7601537119549759 -8.97412952569869e-22 -0.02360014783796015)
(0.7601537119549759 -0.01 -0.02360014783796015)
(0.7543467212139173 8.974128679441777e-22 -0.02256387555640134)
(0.7543467212139173 -0.01 -0.02256387555640134)
(0.7485389713478855 8.974128902499196e-22 -0.02153182361838766)
(0.7485389713478855 -0.01 -0.02153182361838766)
(0.7427303946814711 0 -0.02050473409109915)
(0.7427303946814711 -0.01 -0.02050473409109915)
(0.7369208288931373 0 -0.01948307023729832)
(0.7369208288931373 -0.01 -0.01948307023729832)
(0.731110510578068 0 -0.01846561526167465)
(0.731110510578068 -0.01 -0.01846561526167465)
(0.7252993339011922 8.974128973682424e-22 -0.01745327640281383)
(0.7252993339011922 -0.01 -0.01745327640281383)
(0.7194872560507413 -5.970890399442239e-29 -0.016445954785644)
(0.7194872560507413 -0.01 -0.016445954785644)
(0.7136744391876424 -8.974129812518078e-22 -0.01544308052186082)
(0.7136744391876424 -0.01 -0.01544308052186082)
(0.7078606142661895 -8.97412883596271e-22 -0.0144459042906657)
(0.7078606142661895 -0.01 -0.0144459042906657)
(0.7020461296614617 -1.794825880017765e-21 -0.01345254910831259)
(0.7020461296614617 -0.01 -0.01345254910831259)
(0.6962307602913351 -8.974129330688319e-22 -0.01246476938286274)
(0.6962307602913351 -0.01 -0.01246476938286274)
(0.6904144552990336 0 -0.01148229695854035)
(0.6904144552990336 -0.01 -0.01148229695854035)
(0.6845973425898473 0 -0.01050454790913005)
(0.6845973425898473 -0.01 -0.01050454790913005)
(0.6787793782729596 0 -0.009531841591643777)
(0.6787793782729596 -0.01 -0.009531841591643777)
(0.6729607009461956 0 -0.00856372795158602)
(0.6729607009461956 -0.01 -0.00856372795158602)
(0.6671409619426044 0 -0.007601876290258067)
(0.6671409619426044 -0.01 -0.007601876290258067)
(0.6613205454057037 8.974129478646617e-22 -0.0066440693616391)
(0.6613205454057037 -0.01 -0.0066440693616391)
(0.6554991626440708 8.974128968987511e-22 -0.005692292487333299)
(0.6554991626440708 -0.01 -0.005692292487333299)
(0.6496770386031537 0 -0.004745091125301681)
(0.6496770386031537 -0.01 -0.004745091125301681)
(0.6438539241717377 0 -0.003804031117593542)
(0.6438539241717377 -0.01 -0.003804031117593542)
(0.6380300463105155 0 -0.002867674485405906)
(0.6380300463105155 -0.01 -0.002867674485405906)
(0.6322052114997561 0 -0.001937336728365188)
(0.6322052114997561 -0.01 -0.001937336728365188)
(0.6263795883303137 0 -0.001011877329012379)
(0.6263795883303137 -0.01 -0.001011877329012379)
(0.6205531252109869 8.974129723844793e-22 -9.218936902682376e-05)
(0.6205531252109869 -0.01 -9.218936902682376e-05)
(0.6147255682453246 1.794825788053279e-21 0.0008209236754165273)
(0.6147255682453246 -0.01 0.0008209236754165273)
(0.6088973252964817 8.974129744806391e-22 0.001729651600992636)
(0.6088973252964817 -0.01 0.001729651600992636)
(0.6030680983389982 0 0.002631801371088214)
(0.6030680983389982 -0.01 0.002631801371088214)
(0.5972380451915839 0 0.003528696052442854)
(0.5972380451915839 -0.01 0.003528696052442854)
(0.5914070694857588 0 0.004419363844652973)
(0.5914070694857588 -0.01 0.004419363844652973)
(0.5855751759221951 0 0.005304036082629216)
(0.5855751759221951 -0.01 0.005304036082629216)
(0.5797423569757737 8.974129421470521e-22 0.006182603896511327)
(0.5797423569757737 -0.01 0.006182603896511327)
(0.5739086722003982 8.974129740872502e-22 0.007055231594448506)
(0.5739086722003982 -0.01 0.007055231594448506)
(0.5680739805860623 0 0.007921156473232407)
(0.5680739805860623 -0.01 0.007921156473232407)
(0.562238459529052 8.97413002213682e-22 0.008781329041244353)
(0.562238459529052 -0.01 0.008781329041244353)
(0.5564018969856898 8.97412954404214e-22 0.009634300183557301)
(0.5564018969856898 -0.01 0.009634300183557301)
(0.5505644171152355 0 0.01048116605978911)
(0.5505644171152355 -0.01 0.01048116605978911)
(0.5447260165283745 0 0.01132148208646987)
(0.5447260165283745 -0.01 0.01132148208646987)
(0.5388866749182175 0 0.0121550890271129)
(0.5388866749182175 -0.01 0.0121550890271129)
(0.5330463580769695 0 0.01298166532980019)
(0.5330463580769695 -0.01 0.01298166532980019)
(0.5272049882162909 0 0.01380098053415295)
(0.5272049882162909 -0.01 0.01380098053415295)
(0.5213627780704758 0 0.0146139530099683)
(0.5213627780704758 -0.01 0.0146139530099683)
(0.5155194056334601 0 0.01541859749383174)
(0.5155194056334601 -0.01 0.01541859749383174)
(0.5096751798111154 0 0.01621712487251969)
(0.5096751798111154 -0.01 0.01621712487251969)
(0.5038299524863388 0 0.01700763938504745)
(0.5038299524863388 -0.01 0.01700763938504745)
(0.4979835709977725 0 0.01779000721142065)
(0.4979835709977725 -0.01 0.01779000721142065)
(0.4921363293874416 -8.974130943624773e-22 0.0185657170202154)
(0.4921363293874416 -0.01 0.0185657170202154)
(0.4862879748128197 -8.974130373158038e-22 0.01933263700778847)
(0.4862879748128197 -0.01 0.01933263700778847)
(0.4804385553733346 0 0.02009183224101944)
(0.4804385553733346 -0.01 0.02009183224101944)
(0.4745882424006305 0 0.02084355610094333)
(0.4745882424006305 -0.01 0.02084355610094333)
(0.4687367356097454 0 0.02158588270770567)
(0.4687367356097454 -0.01 0.02158588270770567)
(0.4628842767629212 0 0.02232061241020763)
(0.4628842767629212 -0.01 0.02232061241020763)
(0.4570306563331574 0 0.02304578141888486)
(0.4570306563331574 -0.01 0.02304578141888486)
(0.451175983216438 -8.974130884640452e-22 0.02376264037809176)
(0.451175983216438 -0.01 0.02376264037809176)
(0.4453202813018301 1.539709086532336e-29 0.02447061159457904)
(0.4453202813018301 -0.01 0.02447061159457904)
(0.4394634507617498 -6.25478320872405e-30 0.0251690387015273)
(0.4394634507617498 -0.01 0.0251690387015273)
(0.433605487828312 -8.974131040146006e-22 0.02585818252797112)
(0.433605487828312 -0.01 0.02585818252797112)
(0.4277465569527744 0 0.02653853889348797)
(0.4277465569527744 -0.01 0.02653853889348797)
(0.4218864280851236 0 0.02720822324532747)
(0.4218864280851236 -0.01 0.02720822324532747)
(0.416025191877713 4.487065648275513e-22 0.02786838907745897)
(0.416025191877713 -0.01 0.02786838907745897)
(0.4101628999823221 8.974132298802252e-22 0.02851851852177807)
(0.4101628999823221 -0.01 0.02851851852177807)
(0.4042993803740781 4.487065851370786e-22 0.02915757844743564)
(0.4042993803740781 -0.01 0.02915757844743564)
(0.3984348060210043 0 0.02978686301696221)
(0.3984348060210043 -0.01 0.02978686301696221)
(0.3925690836471408 -4.487066021668248e-22 0.03040501230389475)
(0.3925690836471408 -0.01 0.03040501230389475)
(0.3867022947193772 -4.487066592480455e-22 0.03101252522288974)
(0.3867022947193772 -0.01 0.03101252522288974)
(0.3808342646443863 -4.487066193715093e-22 0.03160786705745076)
(0.3808342646443863 -0.01 0.03160786705745076)
(0.3749651383120385 1.488236743570652e-30 0.03219241769449147)
(0.3749651383120385 -0.01 0.03219241769449147)
(0.3690948941172525 4.487066691101672e-22 0.03276506548803944)
(0.3690948941172525 -0.01 0.03276506548803944)
(0.3632234967105603 0 0.03332561996945377)
(0.3632234967105603 -0.01 0.03332561996945377)
(0.3573509943383508 4.487067067244891e-22 0.0338739270498438)
(0.3573509943383508 -0.01 0.0338739270498438)
(0.3514772740315953 7.091886133857281e-30 0.03440894676815297)
(0.3514772740315953 -0.01 0.03440894676815297)
(0.3456024233497585 2.211693688978731e-29 0.03493154225774654)
(0.3456024233497585 -0.01 0.03493154225774654)
(0.3397264822165831 4.487067380884435e-22 0.03544111857604784)
(0.3397264822165831 -0.01 0.03544111857604784)
(0.3338494155233416 0 0.03593702376828867)
(0.3338494155233416 -0.01 0.03593702376828867)
(0.3279711892001023 0 0.03641887349328252)
(0.3279711892001023 -0.01 0.03641887349328252)
(0.3220918785820088 0 0.03688682554327607)
(0.3220918785820088 -0.01 0.03688682554327607)
(0.3162114042346008 0 0.0373398168269994)
(0.3162114042346008 -0.01 0.0373398168269994)
(0.3103299076135204 -4.487068371282979e-22 0.03777872128003334)
(0.3103299076135204 -0.01 0.03777872128003334)
(0.3044472664277328 9.37235204172026e-30 0.03820158067558176)
(0.3044472664277328 -0.01 0.03820158067558176)
)


// ************************************************************************* //
