/*--------------------------------*- C++ -*----------------------------------*\
| =========                 |                                                 |
| \\      /  F ield         | OpenFOAM: The Open Source CFD Toolbox           |
|  \\    /   O peration     | Version:  v1912                                 |
|   \\  /    A nd           | Website:  www.openfoam.com                      |
|    \\/     M anipulation  |                                                 |
\*---------------------------------------------------------------------------*/
FoamFile
{
    version     2.0;
    format      ascii;
    class       faceList;
    location    "constant/wallFilmRegion/polyMesh";
    object      faces;
}
// * * * * * * * * * * * * * * * * * * * * * * * * * * * * * * * * * * * * * //


1800
(
4(1 2 722 721)
4(3 0 720 723)
4(4 5 725 724)
4(6 7 727 726)
4(8 9 729 728)
4(10 11 731 730)
4(12 13 733 732)
4(14 15 735 734)
4(16 17 737 736)
4(18 19 739 738)
4(20 21 741 740)
4(22 23 743 742)
4(24 25 745 744)
4(26 27 747 746)
4(28 29 749 748)
4(30 31 751 750)
4(32 33 753 752)
4(34 35 755 754)
4(36 37 757 756)
4(38 39 759 758)
4(40 41 761 760)
4(42 43 763 762)
4(44 45 765 764)
4(46 47 767 766)
4(48 49 769 768)
4(50 51 771 770)
4(52 53 773 772)
4(54 55 775 774)
4(56 57 777 776)
4(58 59 779 778)
4(60 61 781 780)
4(62 63 783 782)
4(64 65 785 784)
4(66 67 787 786)
4(68 69 789 788)
4(70 71 791 790)
4(72 73 793 792)
4(74 75 795 794)
4(76 77 797 796)
4(78 79 799 798)
4(80 81 801 800)
4(82 83 803 802)
4(84 85 805 804)
4(86 87 807 806)
4(88 89 809 808)
4(90 91 811 810)
4(92 93 813 812)
4(94 95 815 814)
4(96 97 817 816)
4(98 99 819 818)
4(100 101 821 820)
4(102 103 823 822)
4(104 105 825 824)
4(106 107 827 826)
4(108 109 829 828)
4(110 111 831 830)
4(112 113 833 832)
4(114 115 835 834)
4(116 117 837 836)
4(118 119 839 838)
4(120 121 841 840)
4(122 123 843 842)
4(124 125 845 844)
4(126 127 847 846)
4(128 129 849 848)
4(130 131 851 850)
4(132 133 853 852)
4(134 135 855 854)
4(136 137 857 856)
4(138 139 859 858)
4(140 141 861 860)
4(142 143 863 862)
4(144 145 865 864)
4(146 147 867 866)
4(148 149 869 868)
4(150 151 871 870)
4(152 153 873 872)
4(154 155 875 874)
4(156 157 877 876)
4(158 159 879 878)
4(160 161 881 880)
4(162 163 883 882)
4(164 165 885 884)
4(166 167 887 886)
4(168 169 889 888)
4(170 171 891 890)
4(172 173 893 892)
4(174 175 895 894)
4(176 177 897 896)
4(178 179 899 898)
4(180 181 901 900)
4(183 184 904 903)
4(185 182 902 905)
4(186 187 907 906)
4(188 189 909 908)
4(190 191 911 910)
4(192 193 913 912)
4(194 195 915 914)
4(196 197 917 916)
4(198 199 919 918)
4(200 201 921 920)
4(202 203 923 922)
4(204 205 925 924)
4(206 207 927 926)
4(208 209 929 928)
4(210 211 931 930)
4(212 213 933 932)
4(214 215 935 934)
4(216 217 937 936)
4(218 219 939 938)
4(220 221 941 940)
4(222 223 943 942)
4(224 225 945 944)
4(226 227 947 946)
4(228 229 949 948)
4(230 231 951 950)
4(232 233 953 952)
4(234 235 955 954)
4(236 237 957 956)
4(238 239 959 958)
4(240 241 961 960)
4(242 243 963 962)
4(244 245 965 964)
4(246 247 967 966)
4(248 249 969 968)
4(250 251 971 970)
4(252 253 973 972)
4(254 255 975 974)
4(256 257 977 976)
4(258 259 979 978)
4(260 261 981 980)
4(262 263 983 982)
4(264 265 985 984)
4(266 267 987 986)
4(268 269 989 988)
4(270 271 991 990)
4(272 273 993 992)
4(274 275 995 994)
4(276 277 997 996)
4(278 279 999 998)
4(280 281 1001 1000)
4(282 283 1003 1002)
4(284 285 1005 1004)
4(286 287 1007 1006)
4(288 289 1009 1008)
4(290 291 1011 1010)
4(292 293 1013 1012)
4(294 295 1015 1014)
4(296 297 1017 1016)
4(298 299 1019 1018)
4(300 301 1021 1020)
4(302 303 1023 1022)
4(304 305 1025 1024)
4(306 307 1027 1026)
4(308 309 1029 1028)
4(310 311 1031 1030)
4(312 313 1033 1032)
4(314 315 1035 1034)
4(316 317 1037 1036)
4(318 319 1039 1038)
4(320 321 1041 1040)
4(322 323 1043 1042)
4(324 325 1045 1044)
4(326 327 1047 1046)
4(328 329 1049 1048)
4(330 331 1051 1050)
4(332 333 1053 1052)
4(334 335 1055 1054)
4(336 337 1057 1056)
4(338 339 1059 1058)
4(340 341 1061 1060)
4(342 343 1063 1062)
4(344 345 1065 1064)
4(346 347 1067 1066)
4(348 349 1069 1068)
4(350 351 1071 1070)
4(352 353 1073 1072)
4(354 355 1075 1074)
4(356 357 1077 1076)
4(358 359 1079 1078)
4(360 361 1081 1080)
4(365 362 1082 1085)
4(363 364 1084 1083)
4(367 366 1086 1087)
4(369 368 1088 1089)
4(371 370 1090 1091)
4(373 372 1092 1093)
4(375 374 1094 1095)
4(377 376 1096 1097)
4(379 378 1098 1099)
4(381 380 1100 1101)
4(383 382 1102 1103)
4(385 384 1104 1105)
4(387 386 1106 1107)
4(389 388 1108 1109)
4(391 390 1110 1111)
4(393 392 1112 1113)
4(395 394 1114 1115)
4(397 396 1116 1117)
4(399 398 1118 1119)
4(401 400 1120 1121)
4(403 402 1122 1123)
4(405 404 1124 1125)
4(407 406 1126 1127)
4(409 408 1128 1129)
4(411 410 1130 1131)
4(413 412 1132 1133)
4(415 414 1134 1135)
4(417 416 1136 1137)
4(419 418 1138 1139)
4(421 420 1140 1141)
4(423 422 1142 1143)
4(425 424 1144 1145)
4(427 426 1146 1147)
4(429 428 1148 1149)
4(431 430 1150 1151)
4(433 432 1152 1153)
4(435 434 1154 1155)
4(437 436 1156 1157)
4(439 438 1158 1159)
4(441 440 1160 1161)
4(443 442 1162 1163)
4(445 444 1164 1165)
4(447 446 1166 1167)
4(449 448 1168 1169)
4(451 450 1170 1171)
4(453 452 1172 1173)
4(455 454 1174 1175)
4(457 456 1176 1177)
4(459 458 1178 1179)
4(461 460 1180 1181)
4(463 462 1182 1183)
4(465 464 1184 1185)
4(467 466 1186 1187)
4(469 468 1188 1189)
4(471 470 1190 1191)
4(473 472 1192 1193)
4(475 474 1194 1195)
4(477 476 1196 1197)
4(479 478 1198 1199)
4(481 480 1200 1201)
4(483 482 1202 1203)
4(485 484 1204 1205)
4(487 486 1206 1207)
4(489 488 1208 1209)
4(491 490 1210 1211)
4(493 492 1212 1213)
4(495 494 1214 1215)
4(497 496 1216 1217)
4(499 498 1218 1219)
4(501 500 1220 1221)
4(503 502 1222 1223)
4(505 504 1224 1225)
4(507 506 1226 1227)
4(509 508 1228 1229)
4(511 510 1230 1231)
4(513 512 1232 1233)
4(515 514 1234 1235)
4(517 516 1236 1237)
4(519 518 1238 1239)
4(521 520 1240 1241)
4(523 522 1242 1243)
4(525 524 1244 1245)
4(527 526 1246 1247)
4(529 528 1248 1249)
4(531 530 1250 1251)
4(533 532 1252 1253)
4(535 534 1254 1255)
4(537 536 1256 1257)
4(539 538 1258 1259)
4(541 540 1260 1261)
4(543 542 1262 1263)
4(545 544 1264 1265)
4(547 546 1266 1267)
4(549 548 1268 1269)
4(551 550 1270 1271)
4(553 552 1272 1273)
4(555 554 1274 1275)
4(557 556 1276 1277)
4(559 558 1278 1279)
4(561 560 1280 1281)
4(563 562 1282 1283)
4(565 564 1284 1285)
4(567 566 1286 1287)
4(569 568 1288 1289)
4(571 570 1290 1291)
4(573 572 1292 1293)
4(575 574 1294 1295)
4(577 576 1296 1297)
4(579 578 1298 1299)
4(581 580 1300 1301)
4(583 582 1302 1303)
4(585 584 1304 1305)
4(587 586 1306 1307)
4(589 588 1308 1309)
4(591 590 1310 1311)
4(593 592 1312 1313)
4(595 594 1314 1315)
4(597 596 1316 1317)
4(599 598 1318 1319)
4(601 600 1320 1321)
4(603 602 1322 1323)
4(605 604 1324 1325)
4(607 606 1326 1327)
4(609 608 1328 1329)
4(611 610 1330 1331)
4(613 612 1332 1333)
4(615 614 1334 1335)
4(617 616 1336 1337)
4(619 618 1338 1339)
4(621 620 1340 1341)
4(623 622 1342 1343)
4(625 624 1344 1345)
4(627 626 1346 1347)
4(629 628 1348 1349)
4(631 630 1350 1351)
4(633 632 1352 1353)
4(635 634 1354 1355)
4(637 636 1356 1357)
4(639 638 1358 1359)
4(641 640 1360 1361)
4(643 642 1362 1363)
4(645 644 1364 1365)
4(647 646 1366 1367)
4(649 648 1368 1369)
4(651 650 1370 1371)
4(653 652 1372 1373)
4(655 654 1374 1375)
4(657 656 1376 1377)
4(659 658 1378 1379)
4(661 660 1380 1381)
4(663 662 1382 1383)
4(665 664 1384 1385)
4(667 666 1386 1387)
4(669 668 1388 1389)
4(671 670 1390 1391)
4(673 672 1392 1393)
4(675 674 1394 1395)
4(677 676 1396 1397)
4(679 678 1398 1399)
4(681 680 1400 1401)
4(683 682 1402 1403)
4(685 684 1404 1405)
4(687 686 1406 1407)
4(689 688 1408 1409)
4(691 690 1410 1411)
4(693 692 1412 1413)
4(695 694 1414 1415)
4(697 696 1416 1417)
4(699 698 1418 1419)
4(701 700 1420 1421)
4(703 702 1422 1423)
4(705 704 1424 1425)
4(707 706 1426 1427)
4(709 708 1428 1429)
4(711 710 1430 1431)
4(713 712 1432 1433)
4(715 714 1434 1435)
4(717 716 1436 1437)
4(719 718 1438 1439)
4(2 3 723 722)
4(5 2 722 725)
4(7 5 725 727)
4(9 7 727 729)
4(11 9 729 731)
4(13 11 731 733)
4(15 13 733 735)
4(17 15 735 737)
4(19 17 737 739)
4(21 19 739 741)
4(23 21 741 743)
4(25 23 743 745)
4(27 25 745 747)
4(29 27 747 749)
4(31 29 749 751)
4(33 31 751 753)
4(35 33 753 755)
4(37 35 755 757)
4(39 37 757 759)
4(41 39 759 761)
4(43 41 761 763)
4(45 43 763 765)
4(47 45 765 767)
4(49 47 767 769)
4(51 49 769 771)
4(53 51 771 773)
4(55 53 773 775)
4(57 55 775 777)
4(59 57 777 779)
4(61 59 779 781)
4(63 61 781 783)
4(65 63 783 785)
4(67 65 785 787)
4(69 67 787 789)
4(71 69 789 791)
4(73 71 791 793)
4(75 73 793 795)
4(77 75 795 797)
4(79 77 797 799)
4(81 79 799 801)
4(83 81 801 803)
4(85 83 803 805)
4(87 85 805 807)
4(89 87 807 809)
4(91 89 809 811)
4(93 91 811 813)
4(95 93 813 815)
4(97 95 815 817)
4(99 97 817 819)
4(101 99 819 821)
4(103 101 821 823)
4(105 103 823 825)
4(107 105 825 827)
4(109 107 827 829)
4(111 109 829 831)
4(113 111 831 833)
4(115 113 833 835)
4(117 115 835 837)
4(119 117 837 839)
4(121 119 839 841)
4(123 121 841 843)
4(125 123 843 845)
4(127 125 845 847)
4(129 127 847 849)
4(131 129 849 851)
4(133 131 851 853)
4(135 133 853 855)
4(137 135 855 857)
4(139 137 857 859)
4(141 139 859 861)
4(143 141 861 863)
4(145 143 863 865)
4(147 145 865 867)
4(149 147 867 869)
4(151 149 869 871)
4(153 151 871 873)
4(155 153 873 875)
4(157 155 875 877)
4(159 157 877 879)
4(161 159 879 881)
4(163 161 881 883)
4(165 163 883 885)
4(167 165 885 887)
4(169 167 887 889)
4(171 169 889 891)
4(173 171 891 893)
4(175 173 893 895)
4(177 175 895 897)
4(179 177 897 899)
4(181 179 899 901)
4(184 185 905 904)
4(187 184 904 907)
4(189 187 907 909)
4(191 189 909 911)
4(193 191 911 913)
4(195 193 913 915)
4(197 195 915 917)
4(199 197 917 919)
4(201 199 919 921)
4(203 201 921 923)
4(205 203 923 925)
4(207 205 925 927)
4(209 207 927 929)
4(211 209 929 931)
4(213 211 931 933)
4(215 213 933 935)
4(217 215 935 937)
4(219 217 937 939)
4(221 219 939 941)
4(223 221 941 943)
4(225 223 943 945)
4(227 225 945 947)
4(229 227 947 949)
4(231 229 949 951)
4(233 231 951 953)
4(235 233 953 955)
4(237 235 955 957)
4(239 237 957 959)
4(241 239 959 961)
4(243 241 961 963)
4(245 243 963 965)
4(247 245 965 967)
4(249 247 967 969)
4(251 249 969 971)
4(253 251 971 973)
4(255 253 973 975)
4(257 255 975 977)
4(259 257 977 979)
4(261 259 979 981)
4(263 261 981 983)
4(265 263 983 985)
4(267 265 985 987)
4(269 267 987 989)
4(271 269 989 991)
4(273 271 991 993)
4(275 273 993 995)
4(277 275 995 997)
4(279 277 997 999)
4(281 279 999 1001)
4(283 281 1001 1003)
4(285 283 1003 1005)
4(287 285 1005 1007)
4(289 287 1007 1009)
4(291 289 1009 1011)
4(293 291 1011 1013)
4(295 293 1013 1015)
4(297 295 1015 1017)
4(299 297 1017 1019)
4(301 299 1019 1021)
4(303 301 1021 1023)
4(305 303 1023 1025)
4(307 305 1025 1027)
4(309 307 1027 1029)
4(311 309 1029 1031)
4(313 311 1031 1033)
4(315 313 1033 1035)
4(317 315 1035 1037)
4(319 317 1037 1039)
4(321 319 1039 1041)
4(323 321 1041 1043)
4(325 323 1043 1045)
4(327 325 1045 1047)
4(329 327 1047 1049)
4(331 329 1049 1051)
4(333 331 1051 1053)
4(335 333 1053 1055)
4(337 335 1055 1057)
4(339 337 1057 1059)
4(341 339 1059 1061)
4(343 341 1061 1063)
4(345 343 1063 1065)
4(347 345 1065 1067)
4(349 347 1067 1069)
4(351 349 1069 1071)
4(353 351 1071 1073)
4(355 353 1073 1075)
4(357 355 1075 1077)
4(359 357 1077 1079)
4(361 359 1079 1081)
4(3 361 1081 723)
4(364 365 1085 1084)
4(365 367 1087 1085)
4(367 369 1089 1087)
4(369 371 1091 1089)
4(371 373 1093 1091)
4(373 375 1095 1093)
4(375 377 1097 1095)
4(377 379 1099 1097)
4(379 381 1101 1099)
4(381 383 1103 1101)
4(383 385 1105 1103)
4(385 387 1107 1105)
4(387 389 1109 1107)
4(389 391 1111 1109)
4(391 393 1113 1111)
4(393 395 1115 1113)
4(395 397 1117 1115)
4(397 399 1119 1117)
4(399 401 1121 1119)
4(401 403 1123 1121)
4(403 405 1125 1123)
4(405 407 1127 1125)
4(407 409 1129 1127)
4(409 411 1131 1129)
4(411 413 1133 1131)
4(413 415 1135 1133)
4(415 417 1137 1135)
4(417 419 1139 1137)
4(419 421 1141 1139)
4(421 423 1143 1141)
4(423 425 1145 1143)
4(425 427 1147 1145)
4(427 429 1149 1147)
4(429 431 1151 1149)
4(431 433 1153 1151)
4(433 435 1155 1153)
4(435 437 1157 1155)
4(437 439 1159 1157)
4(439 441 1161 1159)
4(441 443 1163 1161)
4(443 445 1165 1163)
4(445 447 1167 1165)
4(447 449 1169 1167)
4(449 451 1171 1169)
4(451 453 1173 1171)
4(453 455 1175 1173)
4(455 457 1177 1175)
4(457 459 1179 1177)
4(459 461 1181 1179)
4(461 463 1183 1181)
4(463 465 1185 1183)
4(465 467 1187 1185)
4(467 469 1189 1187)
4(469 471 1191 1189)
4(471 473 1193 1191)
4(473 475 1195 1193)
4(475 477 1197 1195)
4(477 479 1199 1197)
4(479 481 1201 1199)
4(481 483 1203 1201)
4(483 485 1205 1203)
4(485 487 1207 1205)
4(487 489 1209 1207)
4(489 491 1211 1209)
4(491 493 1213 1211)
4(493 495 1215 1213)
4(495 497 1217 1215)
4(497 499 1219 1217)
4(499 501 1221 1219)
4(501 503 1223 1221)
4(503 505 1225 1223)
4(505 507 1227 1225)
4(507 509 1229 1227)
4(509 511 1231 1229)
4(511 513 1233 1231)
4(513 515 1235 1233)
4(515 517 1237 1235)
4(517 519 1239 1237)
4(519 521 1241 1239)
4(521 523 1243 1241)
4(523 525 1245 1243)
4(525 527 1247 1245)
4(527 529 1249 1247)
4(529 531 1251 1249)
4(531 533 1253 1251)
4(533 535 1255 1253)
4(535 537 1257 1255)
4(537 539 1259 1257)
4(539 541 1261 1259)
4(541 181 901 1261)
4(185 543 1263 905)
4(543 545 1265 1263)
4(545 547 1267 1265)
4(547 549 1269 1267)
4(549 551 1271 1269)
4(551 553 1273 1271)
4(553 555 1275 1273)
4(555 557 1277 1275)
4(557 559 1279 1277)
4(559 561 1281 1279)
4(561 563 1283 1281)
4(563 565 1285 1283)
4(565 567 1287 1285)
4(567 569 1289 1287)
4(569 571 1291 1289)
4(571 573 1293 1291)
4(573 575 1295 1293)
4(575 577 1297 1295)
4(577 579 1299 1297)
4(579 581 1301 1299)
4(581 583 1303 1301)
4(583 585 1305 1303)
4(585 587 1307 1305)
4(587 589 1309 1307)
4(589 591 1311 1309)
4(591 593 1313 1311)
4(593 595 1315 1313)
4(595 597 1317 1315)
4(597 599 1319 1317)
4(599 601 1321 1319)
4(601 603 1323 1321)
4(603 605 1325 1323)
4(605 607 1327 1325)
4(607 609 1329 1327)
4(609 611 1331 1329)
4(611 613 1333 1331)
4(613 615 1335 1333)
4(615 617 1337 1335)
4(617 619 1339 1337)
4(619 621 1341 1339)
4(621 623 1343 1341)
4(623 625 1345 1343)
4(625 627 1347 1345)
4(627 629 1349 1347)
4(629 631 1351 1349)
4(631 633 1353 1351)
4(633 635 1355 1353)
4(635 637 1357 1355)
4(637 639 1359 1357)
4(639 641 1361 1359)
4(641 643 1363 1361)
4(643 645 1365 1363)
4(645 647 1367 1365)
4(647 649 1369 1367)
4(649 651 1371 1369)
4(651 653 1373 1371)
4(653 655 1375 1373)
4(655 657 1377 1375)
4(657 659 1379 1377)
4(659 661 1381 1379)
4(661 663 1383 1381)
4(663 665 1385 1383)
4(665 667 1387 1385)
4(667 669 1389 1387)
4(669 671 1391 1389)
4(671 673 1393 1391)
4(673 675 1395 1393)
4(675 677 1397 1395)
4(677 679 1399 1397)
4(679 681 1401 1399)
4(681 683 1403 1401)
4(683 685 1405 1403)
4(685 687 1407 1405)
4(687 689 1409 1407)
4(689 691 1411 1409)
4(691 693 1413 1411)
4(693 695 1415 1413)
4(695 697 1417 1415)
4(697 699 1419 1417)
4(699 701 1421 1419)
4(701 703 1423 1421)
4(703 705 1425 1423)
4(705 707 1427 1425)
4(707 709 1429 1427)
4(709 711 1431 1429)
4(711 713 1433 1431)
4(713 715 1435 1433)
4(715 717 1437 1435)
4(717 719 1439 1437)
4(719 364 1084 1439)
4(0 1 721 720)
4(1 4 724 721)
4(4 6 726 724)
4(6 8 728 726)
4(8 10 730 728)
4(10 12 732 730)
4(12 14 734 732)
4(14 16 736 734)
4(16 18 738 736)
4(18 20 740 738)
4(20 22 742 740)
4(22 24 744 742)
4(24 26 746 744)
4(26 28 748 746)
4(28 30 750 748)
4(30 32 752 750)
4(32 34 754 752)
4(34 36 756 754)
4(36 38 758 756)
4(38 40 760 758)
4(40 42 762 760)
4(42 44 764 762)
4(44 46 766 764)
4(46 48 768 766)
4(48 50 770 768)
4(50 52 772 770)
4(52 54 774 772)
4(54 56 776 774)
4(56 58 778 776)
4(58 60 780 778)
4(60 62 782 780)
4(62 64 784 782)
4(64 66 786 784)
4(66 68 788 786)
4(68 70 790 788)
4(70 72 792 790)
4(72 74 794 792)
4(74 76 796 794)
4(76 78 798 796)
4(78 80 800 798)
4(80 82 802 800)
4(82 84 804 802)
4(84 86 806 804)
4(86 88 808 806)
4(88 90 810 808)
4(90 92 812 810)
4(92 94 814 812)
4(94 96 816 814)
4(96 98 818 816)
4(98 100 820 818)
4(100 102 822 820)
4(102 104 824 822)
4(104 106 826 824)
4(106 108 828 826)
4(108 110 830 828)
4(110 112 832 830)
4(112 114 834 832)
4(114 116 836 834)
4(116 118 838 836)
4(118 120 840 838)
4(120 122 842 840)
4(122 124 844 842)
4(124 126 846 844)
4(126 128 848 846)
4(128 130 850 848)
4(130 132 852 850)
4(132 134 854 852)
4(134 136 856 854)
4(136 138 858 856)
4(138 140 860 858)
4(140 142 862 860)
4(142 144 864 862)
4(144 146 866 864)
4(146 148 868 866)
4(148 150 870 868)
4(150 152 872 870)
4(152 154 874 872)
4(154 156 876 874)
4(156 158 878 876)
4(158 160 880 878)
4(160 162 882 880)
4(162 164 884 882)
4(164 166 886 884)
4(166 168 888 886)
4(168 170 890 888)
4(170 172 892 890)
4(172 174 894 892)
4(174 176 896 894)
4(176 178 898 896)
4(178 180 900 898)
4(182 183 903 902)
4(183 186 906 903)
4(186 188 908 906)
4(188 190 910 908)
4(190 192 912 910)
4(192 194 914 912)
4(194 196 916 914)
4(196 198 918 916)
4(198 200 920 918)
4(200 202 922 920)
4(202 204 924 922)
4(204 206 926 924)
4(206 208 928 926)
4(208 210 930 928)
4(210 212 932 930)
4(212 214 934 932)
4(214 216 936 934)
4(216 218 938 936)
4(218 220 940 938)
4(220 222 942 940)
4(222 224 944 942)
4(224 226 946 944)
4(226 228 948 946)
4(228 230 950 948)
4(230 232 952 950)
4(232 234 954 952)
4(234 236 956 954)
4(236 238 958 956)
4(238 240 960 958)
4(240 242 962 960)
4(242 244 964 962)
4(244 246 966 964)
4(246 248 968 966)
4(248 250 970 968)
4(250 252 972 970)
4(252 254 974 972)
4(254 256 976 974)
4(256 258 978 976)
4(258 260 980 978)
4(260 262 982 980)
4(262 264 984 982)
4(264 266 986 984)
4(266 268 988 986)
4(268 270 990 988)
4(270 272 992 990)
4(272 274 994 992)
4(274 276 996 994)
4(276 278 998 996)
4(278 280 1000 998)
4(280 282 1002 1000)
4(282 284 1004 1002)
4(284 286 1006 1004)
4(286 288 1008 1006)
4(288 290 1010 1008)
4(290 292 1012 1010)
4(292 294 1014 1012)
4(294 296 1016 1014)
4(296 298 1018 1016)
4(298 300 1020 1018)
4(300 302 1022 1020)
4(302 304 1024 1022)
4(304 306 1026 1024)
4(306 308 1028 1026)
4(308 310 1030 1028)
4(310 312 1032 1030)
4(312 314 1034 1032)
4(314 316 1036 1034)
4(316 318 1038 1036)
4(318 320 1040 1038)
4(320 322 1042 1040)
4(322 324 1044 1042)
4(324 326 1046 1044)
4(326 328 1048 1046)
4(328 330 1050 1048)
4(330 332 1052 1050)
4(332 334 1054 1052)
4(334 336 1056 1054)
4(336 338 1058 1056)
4(338 340 1060 1058)
4(340 342 1062 1060)
4(342 344 1064 1062)
4(344 346 1066 1064)
4(346 348 1068 1066)
4(348 350 1070 1068)
4(350 352 1072 1070)
4(352 354 1074 1072)
4(354 356 1076 1074)
4(356 358 1078 1076)
4(358 360 1080 1078)
4(360 0 720 1080)
4(362 363 1083 1082)
4(366 362 1082 1086)
4(368 366 1086 1088)
4(370 368 1088 1090)
4(372 370 1090 1092)
4(374 372 1092 1094)
4(376 374 1094 1096)
4(378 376 1096 1098)
4(380 378 1098 1100)
4(382 380 1100 1102)
4(384 382 1102 1104)
4(386 384 1104 1106)
4(388 386 1106 1108)
4(390 388 1108 1110)
4(392 390 1110 1112)
4(394 392 1112 1114)
4(396 394 1114 1116)
4(398 396 1116 1118)
4(400 398 1118 1120)
4(402 400 1120 1122)
4(404 402 1122 1124)
4(406 404 1124 1126)
4(408 406 1126 1128)
4(410 408 1128 1130)
4(412 410 1130 1132)
4(414 412 1132 1134)
4(416 414 1134 1136)
4(418 416 1136 1138)
4(420 418 1138 1140)
4(422 420 1140 1142)
4(424 422 1142 1144)
4(426 424 1144 1146)
4(428 426 1146 1148)
4(430 428 1148 1150)
4(432 430 1150 1152)
4(434 432 1152 1154)
4(436 434 1154 1156)
4(438 436 1156 1158)
4(440 438 1158 1160)
4(442 440 1160 1162)
4(444 442 1162 1164)
4(446 444 1164 1166)
4(448 446 1166 1168)
4(450 448 1168 1170)
4(452 450 1170 1172)
4(454 452 1172 1174)
4(456 454 1174 1176)
4(458 456 1176 1178)
4(460 458 1178 1180)
4(462 460 1180 1182)
4(464 462 1182 1184)
4(466 464 1184 1186)
4(468 466 1186 1188)
4(470 468 1188 1190)
4(472 470 1190 1192)
4(474 472 1192 1194)
4(476 474 1194 1196)
4(478 476 1196 1198)
4(480 478 1198 1200)
4(482 480 1200 1202)
4(484 482 1202 1204)
4(486 484 1204 1206)
4(488 486 1206 1208)
4(490 488 1208 1210)
4(492 490 1210 1212)
4(494 492 1212 1214)
4(496 494 1214 1216)
4(498 496 1216 1218)
4(500 498 1218 1220)
4(502 500 1220 1222)
4(504 502 1222 1224)
4(506 504 1224 1226)
4(508 506 1226 1228)
4(510 508 1228 1230)
4(512 510 1230 1232)
4(514 512 1232 1234)
4(516 514 1234 1236)
4(518 516 1236 1238)
4(520 518 1238 1240)
4(522 520 1240 1242)
4(524 522 1242 1244)
4(526 524 1244 1246)
4(528 526 1246 1248)
4(530 528 1248 1250)
4(532 530 1250 1252)
4(534 532 1252 1254)
4(536 534 1254 1256)
4(538 536 1256 1258)
4(540 538 1258 1260)
4(180 540 1260 900)
4(542 182 902 1262)
4(544 542 1262 1264)
4(546 544 1264 1266)
4(548 546 1266 1268)
4(550 548 1268 1270)
4(552 550 1270 1272)
4(554 552 1272 1274)
4(556 554 1274 1276)
4(558 556 1276 1278)
4(560 558 1278 1280)
4(562 560 1280 1282)
4(564 562 1282 1284)
4(566 564 1284 1286)
4(568 566 1286 1288)
4(570 568 1288 1290)
4(572 570 1290 1292)
4(574 572 1292 1294)
4(576 574 1294 1296)
4(578 576 1296 1298)
4(580 578 1298 1300)
4(582 580 1300 1302)
4(584 582 1302 1304)
4(586 584 1304 1306)
4(588 586 1306 1308)
4(590 588 1308 1310)
4(592 590 1310 1312)
4(594 592 1312 1314)
4(596 594 1314 1316)
4(598 596 1316 1318)
4(600 598 1318 1320)
4(602 600 1320 1322)
4(604 602 1322 1324)
4(606 604 1324 1326)
4(608 606 1326 1328)
4(610 608 1328 1330)
4(612 610 1330 1332)
4(614 612 1332 1334)
4(616 614 1334 1336)
4(618 616 1336 1338)
4(620 618 1338 1340)
4(622 620 1340 1342)
4(624 622 1342 1344)
4(626 624 1344 1346)
4(628 626 1346 1348)
4(630 628 1348 1350)
4(632 630 1350 1352)
4(634 632 1352 1354)
4(636 634 1354 1356)
4(638 636 1356 1358)
4(640 638 1358 1360)
4(642 640 1360 1362)
4(644 642 1362 1364)
4(646 644 1364 1366)
4(648 646 1366 1368)
4(650 648 1368 1370)
4(652 650 1370 1372)
4(654 652 1372 1374)
4(656 654 1374 1376)
4(658 656 1376 1378)
4(660 658 1378 1380)
4(662 660 1380 1382)
4(664 662 1382 1384)
4(666 664 1384 1386)
4(668 666 1386 1388)
4(670 668 1388 1390)
4(672 670 1390 1392)
4(674 672 1392 1394)
4(676 674 1394 1396)
4(678 676 1396 1398)
4(680 678 1398 1400)
4(682 680 1400 1402)
4(684 682 1402 1404)
4(686 684 1404 1406)
4(688 686 1406 1408)
4(690 688 1408 1410)
4(692 690 1410 1412)
4(694 692 1412 1414)
4(696 694 1414 1416)
4(698 696 1416 1418)
4(700 698 1418 1420)
4(702 700 1420 1422)
4(704 702 1422 1424)
4(706 704 1424 1426)
4(708 706 1426 1428)
4(710 708 1428 1430)
4(712 710 1430 1432)
4(714 712 1432 1434)
4(716 714 1434 1436)
4(718 716 1436 1438)
4(363 718 1438 1083)
4(720 721 722 723)
4(721 724 725 722)
4(724 726 727 725)
4(726 728 729 727)
4(728 730 731 729)
4(730 732 733 731)
4(732 734 735 733)
4(734 736 737 735)
4(736 738 739 737)
4(738 740 741 739)
4(740 742 743 741)
4(742 744 745 743)
4(744 746 747 745)
4(746 748 749 747)
4(748 750 751 749)
4(750 752 753 751)
4(752 754 755 753)
4(754 756 757 755)
4(756 758 759 757)
4(758 760 761 759)
4(760 762 763 761)
4(762 764 765 763)
4(764 766 767 765)
4(766 768 769 767)
4(768 770 771 769)
4(770 772 773 771)
4(772 774 775 773)
4(774 776 777 775)
4(776 778 779 777)
4(778 780 781 779)
4(780 782 783 781)
4(782 784 785 783)
4(784 786 787 785)
4(786 788 789 787)
4(788 790 791 789)
4(790 792 793 791)
4(792 794 795 793)
4(794 796 797 795)
4(796 798 799 797)
4(798 800 801 799)
4(800 802 803 801)
4(802 804 805 803)
4(804 806 807 805)
4(806 808 809 807)
4(808 810 811 809)
4(810 812 813 811)
4(812 814 815 813)
4(814 816 817 815)
4(816 818 819 817)
4(818 820 821 819)
4(820 822 823 821)
4(822 824 825 823)
4(824 826 827 825)
4(826 828 829 827)
4(828 830 831 829)
4(830 832 833 831)
4(832 834 835 833)
4(834 836 837 835)
4(836 838 839 837)
4(838 840 841 839)
4(840 842 843 841)
4(842 844 845 843)
4(844 846 847 845)
4(846 848 849 847)
4(848 850 851 849)
4(850 852 853 851)
4(852 854 855 853)
4(854 856 857 855)
4(856 858 859 857)
4(858 860 861 859)
4(860 862 863 861)
4(862 864 865 863)
4(864 866 867 865)
4(866 868 869 867)
4(868 870 871 869)
4(870 872 873 871)
4(872 874 875 873)
4(874 876 877 875)
4(876 878 879 877)
4(878 880 881 879)
4(880 882 883 881)
4(882 884 885 883)
4(884 886 887 885)
4(886 888 889 887)
4(888 890 891 889)
4(890 892 893 891)
4(892 894 895 893)
4(894 896 897 895)
4(896 898 899 897)
4(898 900 901 899)
4(902 903 904 905)
4(903 906 907 904)
4(906 908 909 907)
4(908 910 911 909)
4(910 912 913 911)
4(912 914 915 913)
4(914 916 917 915)
4(916 918 919 917)
4(918 920 921 919)
4(920 922 923 921)
4(922 924 925 923)
4(924 926 927 925)
4(926 928 929 927)
4(928 930 931 929)
4(930 932 933 931)
4(932 934 935 933)
4(934 936 937 935)
4(936 938 939 937)
4(938 940 941 939)
4(940 942 943 941)
4(942 944 945 943)
4(944 946 947 945)
4(946 948 949 947)
4(948 950 951 949)
4(950 952 953 951)
4(952 954 955 953)
4(954 956 957 955)
4(956 958 959 957)
4(958 960 961 959)
4(960 962 963 961)
4(962 964 965 963)
4(964 966 967 965)
4(966 968 969 967)
4(968 970 971 969)
4(970 972 973 971)
4(972 974 975 973)
4(974 976 977 975)
4(976 978 979 977)
4(978 980 981 979)
4(980 982 983 981)
4(982 984 985 983)
4(984 986 987 985)
4(986 988 989 987)
4(988 990 991 989)
4(990 992 993 991)
4(992 994 995 993)
4(994 996 997 995)
4(996 998 999 997)
4(998 1000 1001 999)
4(1000 1002 1003 1001)
4(1002 1004 1005 1003)
4(1004 1006 1007 1005)
4(1006 1008 1009 1007)
4(1008 1010 1011 1009)
4(1010 1012 1013 1011)
4(1012 1014 1015 1013)
4(1014 1016 1017 1015)
4(1016 1018 1019 1017)
4(1018 1020 1021 1019)
4(1020 1022 1023 1021)
4(1022 1024 1025 1023)
4(1024 1026 1027 1025)
4(1026 1028 1029 1027)
4(1028 1030 1031 1029)
4(1030 1032 1033 1031)
4(1032 1034 1035 1033)
4(1034 1036 1037 1035)
4(1036 1038 1039 1037)
4(1038 1040 1041 1039)
4(1040 1042 1043 1041)
4(1042 1044 1045 1043)
4(1044 1046 1047 1045)
4(1046 1048 1049 1047)
4(1048 1050 1051 1049)
4(1050 1052 1053 1051)
4(1052 1054 1055 1053)
4(1054 1056 1057 1055)
4(1056 1058 1059 1057)
4(1058 1060 1061 1059)
4(1060 1062 1063 1061)
4(1062 1064 1065 1063)
4(1064 1066 1067 1065)
4(1066 1068 1069 1067)
4(1068 1070 1071 1069)
4(1070 1072 1073 1071)
4(1072 1074 1075 1073)
4(1074 1076 1077 1075)
4(1076 1078 1079 1077)
4(1078 1080 1081 1079)
4(1080 720 723 1081)
4(1082 1083 1084 1085)
4(1086 1082 1085 1087)
4(1088 1086 1087 1089)
4(1090 1088 1089 1091)
4(1092 1090 1091 1093)
4(1094 1092 1093 1095)
4(1096 1094 1095 1097)
4(1098 1096 1097 1099)
4(1100 1098 1099 1101)
4(1102 1100 1101 1103)
4(1104 1102 1103 1105)
4(1106 1104 1105 1107)
4(1108 1106 1107 1109)
4(1110 1108 1109 1111)
4(1112 1110 1111 1113)
4(1114 1112 1113 1115)
4(1116 1114 1115 1117)
4(1118 1116 1117 1119)
4(1120 1118 1119 1121)
4(1122 1120 1121 1123)
4(1124 1122 1123 1125)
4(1126 1124 1125 1127)
4(1128 1126 1127 1129)
4(1130 1128 1129 1131)
4(1132 1130 1131 1133)
4(1134 1132 1133 1135)
4(1136 1134 1135 1137)
4(1138 1136 1137 1139)
4(1140 1138 1139 1141)
4(1142 1140 1141 1143)
4(1144 1142 1143 1145)
4(1146 1144 1145 1147)
4(1148 1146 1147 1149)
4(1150 1148 1149 1151)
4(1152 1150 1151 1153)
4(1154 1152 1153 1155)
4(1156 1154 1155 1157)
4(1158 1156 1157 1159)
4(1160 1158 1159 1161)
4(1162 1160 1161 1163)
4(1164 1162 1163 1165)
4(1166 1164 1165 1167)
4(1168 1166 1167 1169)
4(1170 1168 1169 1171)
4(1172 1170 1171 1173)
4(1174 1172 1173 1175)
4(1176 1174 1175 1177)
4(1178 1176 1177 1179)
4(1180 1178 1179 1181)
4(1182 1180 1181 1183)
4(1184 1182 1183 1185)
4(1186 1184 1185 1187)
4(1188 1186 1187 1189)
4(1190 1188 1189 1191)
4(1192 1190 1191 1193)
4(1194 1192 1193 1195)
4(1196 1194 1195 1197)
4(1198 1196 1197 1199)
4(1200 1198 1199 1201)
4(1202 1200 1201 1203)
4(1204 1202 1203 1205)
4(1206 1204 1205 1207)
4(1208 1206 1207 1209)
4(1210 1208 1209 1211)
4(1212 1210 1211 1213)
4(1214 1212 1213 1215)
4(1216 1214 1215 1217)
4(1218 1216 1217 1219)
4(1220 1218 1219 1221)
4(1222 1220 1221 1223)
4(1224 1222 1223 1225)
4(1226 1224 1225 1227)
4(1228 1226 1227 1229)
4(1230 1228 1229 1231)
4(1232 1230 1231 1233)
4(1234 1232 1233 1235)
4(1236 1234 1235 1237)
4(1238 1236 1237 1239)
4(1240 1238 1239 1241)
4(1242 1240 1241 1243)
4(1244 1242 1243 1245)
4(1246 1244 1245 1247)
4(1248 1246 1247 1249)
4(1250 1248 1249 1251)
4(1252 1250 1251 1253)
4(1254 1252 1253 1255)
4(1256 1254 1255 1257)
4(1258 1256 1257 1259)
4(1260 1258 1259 1261)
4(900 1260 1261 901)
4(1262 902 905 1263)
4(1264 1262 1263 1265)
4(1266 1264 1265 1267)
4(1268 1266 1267 1269)
4(1270 1268 1269 1271)
4(1272 1270 1271 1273)
4(1274 1272 1273 1275)
4(1276 1274 1275 1277)
4(1278 1276 1277 1279)
4(1280 1278 1279 1281)
4(1282 1280 1281 1283)
4(1284 1282 1283 1285)
4(1286 1284 1285 1287)
4(1288 1286 1287 1289)
4(1290 1288 1289 1291)
4(1292 1290 1291 1293)
4(1294 1292 1293 1295)
4(1296 1294 1295 1297)
4(1298 1296 1297 1299)
4(1300 1298 1299 1301)
4(1302 1300 1301 1303)
4(1304 1302 1303 1305)
4(1306 1304 1305 1307)
4(1308 1306 1307 1309)
4(1310 1308 1309 1311)
4(1312 1310 1311 1313)
4(1314 1312 1313 1315)
4(1316 1314 1315 1317)
4(1318 1316 1317 1319)
4(1320 1318 1319 1321)
4(1322 1320 1321 1323)
4(1324 1322 1323 1325)
4(1326 1324 1325 1327)
4(1328 1326 1327 1329)
4(1330 1328 1329 1331)
4(1332 1330 1331 1333)
4(1334 1332 1333 1335)
4(1336 1334 1335 1337)
4(1338 1336 1337 1339)
4(1340 1338 1339 1341)
4(1342 1340 1341 1343)
4(1344 1342 1343 1345)
4(1346 1344 1345 1347)
4(1348 1346 1347 1349)
4(1350 1348 1349 1351)
4(1352 1350 1351 1353)
4(1354 1352 1353 1355)
4(1356 1354 1355 1357)
4(1358 1356 1357 1359)
4(1360 1358 1359 1361)
4(1362 1360 1361 1363)
4(1364 1362 1363 1365)
4(1366 1364 1365 1367)
4(1368 1366 1367 1369)
4(1370 1368 1369 1371)
4(1372 1370 1371 1373)
4(1374 1372 1373 1375)
4(1376 1374 1375 1377)
4(1378 1376 1377 1379)
4(1380 1378 1379 1381)
4(1382 1380 1381 1383)
4(1384 1382 1383 1385)
4(1386 1384 1385 1387)
4(1388 1386 1387 1389)
4(1390 1388 1389 1391)
4(1392 1390 1391 1393)
4(1394 1392 1393 1395)
4(1396 1394 1395 1397)
4(1398 1396 1397 1399)
4(1400 1398 1399 1401)
4(1402 1400 1401 1403)
4(1404 1402 1403 1405)
4(1406 1404 1405 1407)
4(1408 1406 1407 1409)
4(1410 1408 1409 1411)
4(1412 1410 1411 1413)
4(1414 1412 1413 1415)
4(1416 1414 1415 1417)
4(1418 1416 1417 1419)
4(1420 1418 1419 1421)
4(1422 1420 1421 1423)
4(1424 1422 1423 1425)
4(1426 1424 1425 1427)
4(1428 1426 1427 1429)
4(1430 1428 1429 1431)
4(1432 1430 1431 1433)
4(1434 1432 1433 1435)
4(1436 1434 1435 1437)
4(1438 1436 1437 1439)
4(1083 1438 1439 1084)
4(0 3 2 1)
4(1 2 5 4)
4(4 5 7 6)
4(6 7 9 8)
4(8 9 11 10)
4(10 11 13 12)
4(12 13 15 14)
4(14 15 17 16)
4(16 17 19 18)
4(18 19 21 20)
4(20 21 23 22)
4(22 23 25 24)
4(24 25 27 26)
4(26 27 29 28)
4(28 29 31 30)
4(30 31 33 32)
4(32 33 35 34)
4(34 35 37 36)
4(36 37 39 38)
4(38 39 41 40)
4(40 41 43 42)
4(42 43 45 44)
4(44 45 47 46)
4(46 47 49 48)
4(48 49 51 50)
4(50 51 53 52)
4(52 53 55 54)
4(54 55 57 56)
4(56 57 59 58)
4(58 59 61 60)
4(60 61 63 62)
4(62 63 65 64)
4(64 65 67 66)
4(66 67 69 68)
4(68 69 71 70)
4(70 71 73 72)
4(72 73 75 74)
4(74 75 77 76)
4(76 77 79 78)
4(78 79 81 80)
4(80 81 83 82)
4(82 83 85 84)
4(84 85 87 86)
4(86 87 89 88)
4(88 89 91 90)
4(90 91 93 92)
4(92 93 95 94)
4(94 95 97 96)
4(96 97 99 98)
4(98 99 101 100)
4(100 101 103 102)
4(102 103 105 104)
4(104 105 107 106)
4(106 107 109 108)
4(108 109 111 110)
4(110 111 113 112)
4(112 113 115 114)
4(114 115 117 116)
4(116 117 119 118)
4(118 119 121 120)
4(120 121 123 122)
4(122 123 125 124)
4(124 125 127 126)
4(126 127 129 128)
4(128 129 131 130)
4(130 131 133 132)
4(132 133 135 134)
4(134 135 137 136)
4(136 137 139 138)
4(138 139 141 140)
4(140 141 143 142)
4(142 143 145 144)
4(144 145 147 146)
4(146 147 149 148)
4(148 149 151 150)
4(150 151 153 152)
4(152 153 155 154)
4(154 155 157 156)
4(156 157 159 158)
4(158 159 161 160)
4(160 161 163 162)
4(162 163 165 164)
4(164 165 167 166)
4(166 167 169 168)
4(168 169 171 170)
4(170 171 173 172)
4(172 173 175 174)
4(174 175 177 176)
4(176 177 179 178)
4(178 179 181 180)
4(182 185 184 183)
4(183 184 187 186)
4(186 187 189 188)
4(188 189 191 190)
4(190 191 193 192)
4(192 193 195 194)
4(194 195 197 196)
4(196 197 199 198)
4(198 199 201 200)
4(200 201 203 202)
4(202 203 205 204)
4(204 205 207 206)
4(206 207 209 208)
4(208 209 211 210)
4(210 211 213 212)
4(212 213 215 214)
4(214 215 217 216)
4(216 217 219 218)
4(218 219 221 220)
4(220 221 223 222)
4(222 223 225 224)
4(224 225 227 226)
4(226 227 229 228)
4(228 229 231 230)
4(230 231 233 232)
4(232 233 235 234)
4(234 235 237 236)
4(236 237 239 238)
4(238 239 241 240)
4(240 241 243 242)
4(242 243 245 244)
4(244 245 247 246)
4(246 247 249 248)
4(248 249 251 250)
4(250 251 253 252)
4(252 253 255 254)
4(254 255 257 256)
4(256 257 259 258)
4(258 259 261 260)
4(260 261 263 262)
4(262 263 265 264)
4(264 265 267 266)
4(266 267 269 268)
4(268 269 271 270)
4(270 271 273 272)
4(272 273 275 274)
4(274 275 277 276)
4(276 277 279 278)
4(278 279 281 280)
4(280 281 283 282)
4(282 283 285 284)
4(284 285 287 286)
4(286 287 289 288)
4(288 289 291 290)
4(290 291 293 292)
4(292 293 295 294)
4(294 295 297 296)
4(296 297 299 298)
4(298 299 301 300)
4(300 301 303 302)
4(302 303 305 304)
4(304 305 307 306)
4(306 307 309 308)
4(308 309 311 310)
4(310 311 313 312)
4(312 313 315 314)
4(314 315 317 316)
4(316 317 319 318)
4(318 319 321 320)
4(320 321 323 322)
4(322 323 325 324)
4(324 325 327 326)
4(326 327 329 328)
4(328 329 331 330)
4(330 331 333 332)
4(332 333 335 334)
4(334 335 337 336)
4(336 337 339 338)
4(338 339 341 340)
4(340 341 343 342)
4(342 343 345 344)
4(344 345 347 346)
4(346 347 349 348)
4(348 349 351 350)
4(350 351 353 352)
4(352 353 355 354)
4(354 355 357 356)
4(356 357 359 358)
4(358 359 361 360)
4(360 361 3 0)
4(362 365 364 363)
4(366 367 365 362)
4(368 369 367 366)
4(370 371 369 368)
4(372 373 371 370)
4(374 375 373 372)
4(376 377 375 374)
4(378 379 377 376)
4(380 381 379 378)
4(382 383 381 380)
4(384 385 383 382)
4(386 387 385 384)
4(388 389 387 386)
4(390 391 389 388)
4(392 393 391 390)
4(394 395 393 392)
4(396 397 395 394)
4(398 399 397 396)
4(400 401 399 398)
4(402 403 401 400)
4(404 405 403 402)
4(406 407 405 404)
4(408 409 407 406)
4(410 411 409 408)
4(412 413 411 410)
4(414 415 413 412)
4(416 417 415 414)
4(418 419 417 416)
4(420 421 419 418)
4(422 423 421 420)
4(424 425 423 422)
4(426 427 425 424)
4(428 429 427 426)
4(430 431 429 428)
4(432 433 431 430)
4(434 435 433 432)
4(436 437 435 434)
4(438 439 437 436)
4(440 441 439 438)
4(442 443 441 440)
4(444 445 443 442)
4(446 447 445 444)
4(448 449 447 446)
4(450 451 449 448)
4(452 453 451 450)
4(454 455 453 452)
4(456 457 455 454)
4(458 459 457 456)
4(460 461 459 458)
4(462 463 461 460)
4(464 465 463 462)
4(466 467 465 464)
4(468 469 467 466)
4(470 471 469 468)
4(472 473 471 470)
4(474 475 473 472)
4(476 477 475 474)
4(478 479 477 476)
4(480 481 479 478)
4(482 483 481 480)
4(484 485 483 482)
4(486 487 485 484)
4(488 489 487 486)
4(490 491 489 488)
4(492 493 491 490)
4(494 495 493 492)
4(496 497 495 494)
4(498 499 497 496)
4(500 501 499 498)
4(502 503 501 500)
4(504 505 503 502)
4(506 507 505 504)
4(508 509 507 506)
4(510 511 509 508)
4(512 513 511 510)
4(514 515 513 512)
4(516 517 515 514)
4(518 519 517 516)
4(520 521 519 518)
4(522 523 521 520)
4(524 525 523 522)
4(526 527 525 524)
4(528 529 527 526)
4(530 531 529 528)
4(532 533 531 530)
4(534 535 533 532)
4(536 537 535 534)
4(538 539 537 536)
4(540 541 539 538)
4(180 181 541 540)
4(542 543 185 182)
4(544 545 543 542)
4(546 547 545 544)
4(548 549 547 546)
4(550 551 549 548)
4(552 553 551 550)
4(554 555 553 552)
4(556 557 555 554)
4(558 559 557 556)
4(560 561 559 558)
4(562 563 561 560)
4(564 565 563 562)
4(566 567 565 564)
4(568 569 567 566)
4(570 571 569 568)
4(572 573 571 570)
4(574 575 573 572)
4(576 577 575 574)
4(578 579 577 576)
4(580 581 579 578)
4(582 583 581 580)
4(584 585 583 582)
4(586 587 585 584)
4(588 589 587 586)
4(590 591 589 588)
4(592 593 591 590)
4(594 595 593 592)
4(596 597 595 594)
4(598 599 597 596)
4(600 601 599 598)
4(602 603 601 600)
4(604 605 603 602)
4(606 607 605 604)
4(608 609 607 606)
4(610 611 609 608)
4(612 613 611 610)
4(614 615 613 612)
4(616 617 615 614)
4(618 619 617 616)
4(620 621 619 618)
4(622 623 621 620)
4(624 625 623 622)
4(626 627 625 624)
4(628 629 627 626)
4(630 631 629 628)
4(632 633 631 630)
4(634 635 633 632)
4(636 637 635 634)
4(638 639 637 636)
4(640 641 639 638)
4(642 643 641 640)
4(644 645 643 642)
4(646 647 645 644)
4(648 649 647 646)
4(650 651 649 648)
4(652 653 651 650)
4(654 655 653 652)
4(656 657 655 654)
4(658 659 657 656)
4(660 661 659 658)
4(662 663 661 660)
4(664 665 663 662)
4(666 667 665 664)
4(668 669 667 666)
4(670 671 669 668)
4(672 673 671 670)
4(674 675 673 672)
4(676 677 675 674)
4(678 679 677 676)
4(680 681 679 678)
4(682 683 681 680)
4(684 685 683 682)
4(686 687 685 684)
4(688 689 687 686)
4(690 691 689 688)
4(692 693 691 690)
4(694 695 693 692)
4(696 697 695 694)
4(698 699 697 696)
4(700 701 699 698)
4(702 703 701 700)
4(704 705 703 702)
4(706 707 705 704)
4(708 709 707 706)
4(710 711 709 708)
4(712 713 711 710)
4(714 715 713 712)
4(716 717 715 714)
4(718 719 717 716)
4(363 364 719 718)
)


// ************************************************************************* //
