/*--------------------------------*- C++ -*----------------------------------*\
| =========                 |                                                 |
| \\      /  F ield         | OpenFOAM: The Open Source CFD Toolbox           |
|  \\    /   O peration     | Version:  v1912                                 |
|   \\  /    A nd           | Website:  www.openfoam.com                      |
|    \\/     M anipulation  |                                                 |
\*---------------------------------------------------------------------------*/
FoamFile
{
    version     2.0;
    format      ascii;
    class       vectorField;
    location    "constant/wallFilmRegion/polyMesh";
    object      points;
}
// * * * * * * * * * * * * * * * * * * * * * * * * * * * * * * * * * * * * * //


1440
(
(0.2985600152428469 0 -0.08118834714097023)
(0.2914321758172359 0 -0.08069143224671496)
(0.2914321758172359 -0.01 -0.08069143224671496)
(0.2985600152428469 -0.01 -0.08118834714097023)
(0.2844336966561897 0 -0.08018068724047735)
(0.2844336966561897 -0.01 -0.08018068724047735)
(0.2775623213324913 0 -0.07965654071636225)
(0.2775623213324913 -0.01 -0.07965654071636225)
(0.2708159035968066 0 -0.07911851909988155)
(0.2708159035968066 -0.01 -0.07911851909988155)
(0.2641921073957801 0 -0.07856903160758155)
(0.2641921073957801 -0.01 -0.07856903160758155)
(0.2576890288401584 0 -0.07800559398096549)
(0.2576890288401584 -0.01 -0.07800559398096549)
(0.2513043229417558 0 -0.07743153712326555)
(0.2513043229417558 -0.01 -0.07743153712326555)
(0.2450361034412762 0 -0.0768452918377396)
(0.2450361034412762 -0.01 -0.0768452918377396)
(0.2388823326541701 0 -0.07624728099470944)
(0.2388823326541701 -0.01 -0.07624728099470944)
(0.2328409325466103 0 -0.07563891066324772)
(0.2328409325466103 -0.01 -0.07563891066324772)
(0.2269100750950673 0 -0.07501931487323751)
(0.2269100750950673 -0.01 -0.07501931487323751)
(0.2210877248080489 0 -0.07438990261907133)
(0.2210877248080489 -0.01 -0.07438990261907133)
(0.2153721063419395 0 -0.07375004795764975)
(0.2153721063419395 -0.01 -0.07375004795764975)
(0.2097612822893743 0 -0.07310090796252648)
(0.2097612822893743 -0.01 -0.07310090796252648)
(0.2042535335627307 0 -0.07244190037952242)
(0.2042535335627307 -0.01 -0.07244190037952242)
(0.1988470254070376 0 -0.07177390842021848)
(0.1988470254070376 -0.01 -0.07177390842021848)
(0.1935400903696425 0 -0.07109652745294093)
(0.1935400903696425 -0.01 -0.07109652745294093)
(0.1883308486988831 0 -0.07041131699745931)
(0.1883308486988831 -0.01 -0.07041131699745931)
(0.1832177817821577 0 -0.06971727864872868)
(0.1832177817821577 -0.01 -0.06971727864872868)
(0.1781991477210964 0 -0.06901534884202218)
(0.1781991477210964 -0.01 -0.06901534884202218)
(0.1732732578826979 0 -0.06830623175038888)
(0.1732732578826979 -0.01 -0.06830623175038888)
(0.1684387484196774 0 -0.06758859286654195)
(0.1684387484196774 -0.01 -0.06758859286654195)
(0.1636937965293414 0 -0.06686444044089893)
(0.1636937965293414 -0.01 -0.06686444044089893)
(0.1590370553815929 0 -0.06613272676759621)
(0.1590370553815929 -0.01 -0.06613272676759621)
(0.1544670119452694 0 -0.06539379560836267)
(0.1544670119452694 -0.01 -0.06539379560836267)
(0.1499820922800225 0 -0.06464842629231901)
(0.1499820922800225 -0.01 -0.06464842629231901)
(0.1455809209125296 0 -0.06389640533494251)
(0.1455809209125296 -0.01 -0.06389640533494251)
(0.1412620442506559 0 -0.06313812936415654)
(0.1412620442506559 -0.01 -0.06313812936415654)
(0.1370240160336209 0 -0.06237405111866835)
(0.1370240160336209 -0.01 -0.06237405111866835)
(0.1328656956523519 0 -0.06160309661153856)
(0.1328656956523519 -0.01 -0.06160309661153856)
(0.1287855076693649 0 -0.06082672907458758)
(0.1287855076693649 -0.01 -0.06082672907458758)
(0.1247823054291323 0 -0.06004425404023204)
(0.1247823054291323 -0.01 -0.06004425404023204)
(0.1208545947982649 0 -0.05925686001889741)
(0.1208545947982649 -0.01 -0.05925686001889741)
(0.1170014125178625 0 -0.05846318856089298)
(0.1170014125178625 -0.01 -0.05846318856089298)
(0.113221338639113 0 -0.05766435126869581)
(0.113221338639113 -0.01 -0.05766435126869581)
(0.1095130864755564 0 -0.05686072089160341)
(0.1095130864755564 -0.01 -0.05686072089160341)
(0.1058757291272611 0 -0.05605129369313409)
(0.1058757291272611 -0.01 -0.05605129369313409)
(0.1023080771547715 0 -0.05523632173573272)
(0.1023080771547715 -0.01 -0.05523632173573272)
(0.09880888238966956 0 -0.05441642372209622)
(0.09880888238966956 -0.01 -0.05441642372209622)
(0.09537695179911503 0 -0.05359200568542835)
(0.09537695179911503 -0.01 -0.05359200568542835)
(0.09201154041203137 0 -0.05276177100469863)
(0.09201154041203137 -0.01 -0.05276177100469863)
(0.08871134954541765 0 -0.05192677793715861)
(0.08871134954541765 -0.01 -0.05192677793715861)
(0.08547544953291573 0 -0.05108666940244642)
(0.08547544953291573 -0.01 -0.05108666940244642)
(0.0823028469725596 0 -0.05024144471114838)
(0.0823028469725596 -0.01 -0.05024144471114838)
(0.07919241088010998 0 -0.04939167135101541)
(0.07919241088010998 -0.01 -0.04939167135101541)
(0.07614348417619071 0 -0.04853628694597968)
(0.07614348417619071 -0.01 -0.04853628694597968)
(0.0731550115047018 0 -0.04767579464843129)
(0.0731550115047018 -0.01 -0.04767579464843129)
(0.07022622585071207 0 -0.04680969559888694)
(0.07022622585071207 -0.01 -0.04680969559888694)
(0.06735620726221557 0 -0.04593818410813253)
(0.06735620726221557 -0.01 -0.04593818410813253)
(0.06454400543821859 0 -0.04506152165840482)
(0.06454400543821859 -0.01 -0.04506152165840482)
(0.06178907357415294 0 -0.04417884623751886)
(0.06178907357415294 -0.01 -0.04417884623751886)
(0.0590905557561112 0 -0.04329030601276343)
(0.0590905557561112 -0.01 -0.04329030601276343)
(0.0564475878779639 0 -0.04239613538472479)
(0.0564475878779639 -0.01 -0.04239613538472479)
(0.05385983030253452 0 -0.04149514032889398)
(0.05385983030253452 -0.01 -0.04149514032889398)
(0.05132646144053343 0 -0.04058760539544538)
(0.05132646144053343 -0.01 -0.04058760539544538)
(0.04884653629193775 0 -0.03967418902342321)
(0.04884653629193775 -0.01 -0.03967418902342321)
(0.04642028996630668 0 -0.03875245326395323)
(0.04642028996630668 -0.01 -0.03875245326395323)
(0.04404635478483386 0 -0.03782434798717546)
(0.04404635478483386 -0.01 -0.03782434798717546)
(0.04172484205218799 0 -0.03688797706168417)
(0.04172484205218799 -0.01 -0.03688797706168417)
(0.0394550253134551 0 -0.03594376049905678)
(0.0394550253134551 -0.01 -0.03594376049905678)
(0.03723684744289337 0 -0.03499053375925058)
(0.03723684744289337 -0.01 -0.03499053375925058)
(0.03507000291416888 0 -0.03402785331880159)
(0.03507000291416888 -0.01 -0.03402785331880159)
(0.03295381020475174 0 -0.03305631415211602)
(0.03295381020475174 -0.01 -0.03305631415211602)
(0.03088861505766273 0 -0.03207416408828862)
(0.03088861505766273 -0.01 -0.03207416408828862)
(0.02887437108729057 0 -0.03108087797943134)
(0.02887437108729057 -0.01 -0.03108087797943134)
(0.02691080231562698 0 -0.0300763292647507)
(0.02691080231562698 -0.01 -0.0300763292647507)
(0.02499854688720787 0 -0.02905888802114404)
(0.02499854688720787 -0.01 -0.02905888802114404)
(0.02313760516061579 0 -0.02802822860744863)
(0.02313760516061579 -0.01 -0.02802822860744863)
(0.02132883470247895 0 -0.02698283173972447)
(0.02132883470247895 -0.01 -0.02698283173972447)
(0.01957212025253207 0 -0.02592290284786845)
(0.01957212025253207 -0.01 -0.02592290284786845)
(0.01786916417070961 0 -0.02484592343099161)
(0.01786916417070961 -0.01 -0.02484592343099161)
(0.01622063901527518 0 -0.02375139620042495)
(0.01622063901527518 -0.01 -0.02375139620042495)
(0.0146278091679344 0 -0.0226379987149955)
(0.0146278091679344 -0.01 -0.0226379987149955)
(0.01309269295279405 0 -0.02150396733914007)
(0.01309269295279405 -0.01 -0.02150396733914007)
(0.01161777097969567 0 -0.02034719741311513)
(0.01161777097969567 -0.01 -0.02034719741311513)
(0.01020465075222781 0 -0.01916760792263725)
(0.01020465075222781 -0.01 -0.01916760792263725)
(0.008857230423470877 0 -0.01796242232934667)
(0.008857230423470877 -0.01 -0.01796242232934667)
(0.007579445015974308 0 -0.01672984088696739)
(0.007579445015974308 -0.01 -0.01672984088696739)
(0.006374743655302157 0 -0.01546888592743994)
(0.006374743655302157 -0.01 -0.01546888592743994)
(0.005250179592192884 0 -0.01417749823864087)
(0.005250179592192884 -0.01 -0.01417749823864087)
(0.004211057266887421 0 -0.01285549286306002)
(0.004211057266887421 -0.01 -0.01285549286306002)
(0.003263805738293213 0 -0.01150149255168948)
(0.003263805738293213 -0.01 -0.01150149255168948)
(0.002418647288464989 0 -0.01011716460329074)
(0.002418647288464989 -0.01 -0.01011716460329074)
(0.001682858183873817 0 -0.008704292024460604)
(0.001682858183873817 -0.01 -0.008704292024460604)
(0.001065586491072949 0 -0.007265450801934339)
(0.001065586491072949 -0.01 -0.007265450801934339)
(0.0005761639972118818 0 -0.005809370313078333)
(0.0005761639972118818 -0.01 -0.005809370313078333)
(0.0002202890521605595 0 -0.004343245724962514)
(0.0002202890521605595 -0.01 -0.004343245724962514)
(1.376710532125739e-06 0 -0.002877761777503189)
(1.376710532125739e-06 -0.01 -0.002877761777503189)
(-8.073771085454016e-05 0 -0.001425338781226349)
(-8.073771085454016e-05 -0.01 -0.001425338781226349)
(-3.023212830152904e-05 0 2.392470585013712e-06)
(-3.023212830152904e-05 -0.01 2.392470585013712e-06)
(0.9975227344054247 0 -0.06990048462255552)
(0.9897711740261946 0 -0.0704734843320923)
(0.9897711740261946 -0.01 -0.0704734843320923)
(0.9975227344054247 -0.01 -0.06990048462255552)
(0.9820188625482456 0 -0.07103626214497299)
(0.9820188625482456 -0.01 -0.07103626214497299)
(0.9742657648090728 0 -0.07158808435015693)
(0.9742657648090728 -0.01 -0.07158808435015693)
(0.9665119177021517 0 -0.0721292745580427)
(0.9665119177021517 -0.01 -0.0721292745580427)
(0.9587573485789349 0 -0.07266001707597161)
(0.9587573485789349 -0.01 -0.07266001707597161)
(0.9510021310872772 0 -0.0731812056406522)
(0.9510021310872772 -0.01 -0.0731812056406522)
(0.9432461678486345 0 -0.07369117269142968)
(0.9432461678486345 -0.01 -0.07369117269142968)
(0.9354896049338933 0 -0.07419193536251843)
(0.9354896049338933 -0.01 -0.07419193536251843)
(0.9277324157126282 0 -0.07468290177237989)
(0.9277324157126282 -0.01 -0.07468290177237989)
(0.9199746230398932 0 -0.07516423888287074)
(0.9199746230398932 -0.01 -0.07516423888287074)
(0.9122162097343852 0 -0.07563546638392048)
(0.9122162097343852 -0.01 -0.07563546638392048)
(0.904457242963094 0 -0.07609749236753484)
(0.904457242963094 -0.01 -0.07609749236753484)
(0.8966977509063543 0 -0.07655060938811152)
(0.8966977509063543 -0.01 -0.07655060938811152)
(0.8889377014129193 0 -0.07699407746430574)
(0.8889377014129193 -0.01 -0.07699407746430574)
(0.881177151228143 0 -0.07742869966723076)
(0.881177151228143 -0.01 -0.07742869966723076)
(0.8734160588641483 0 -0.07785352718623659)
(0.8734160588641483 -0.01 -0.07785352718623659)
(0.8656545231448046 0 -0.07827017663440874)
(0.8656545231448046 -0.01 -0.07827017663440874)
(0.8578925000155718 0 -0.07867764507569062)
(0.8578925000155718 -0.01 -0.07867764507569062)
(0.8501299997907225 0 -0.07907591822910616)
(0.8501299997907225 -0.01 -0.07907591822910616)
(0.8423670710261356 0 -0.07946575049353226)
(0.8423670710261356 -0.01 -0.07946575049353226)
(0.8346037069031196 0 -0.07984681491016785)
(0.8346037069031196 -0.01 -0.07984681491016785)
(0.8268399460102713 0 -0.08021970839417793)
(0.8268399460102713 -0.01 -0.08021970839417793)
(0.8190757588694022 0 -0.08058361956630469)
(0.8190757588694022 -0.01 -0.08058361956630469)
(0.8113111868718292 0 -0.08093922454994762)
(0.8113111868718292 -0.01 -0.08093922454994762)
(0.8035462035089771 0 -0.08128573293672305)
(0.8035462035089771 -0.01 -0.08128573293672305)
(0.7957808692486813 0 -0.08162429016317267)
(0.7957808692486813 -0.01 -0.08162429016317267)
(0.788015172313474 0 -0.08195441764605788)
(0.788015172313474 -0.01 -0.08195441764605788)
(0.7802491044335076 0 -0.08227570078095896)
(0.7802491044335076 -0.01 -0.08227570078095896)
(0.7724827035606037 0 -0.08258883721886512)
(0.7724827035606037 -0.01 -0.08258883721886512)
(0.7647159614145672 0 -0.08289338485449524)
(0.7647159614145672 -0.01 -0.08289338485449524)
(0.7569489069366991 0 -0.08318985771561604)
(0.7569489069366991 -0.01 -0.08318985771561604)
(0.7491815311893645 0 -0.0834778036690937)
(0.7491815311893645 -0.01 -0.0834778036690937)
(0.7414138208572701 0 -0.0837565697913125)
(0.7414138208572701 -0.01 -0.0837565697913125)
(0.7336458527472028 0 -0.08402805009010671)
(0.7336458527472028 -0.01 -0.08402805009010671)
(0.7258775607237999 0 -0.08429010491792592)
(0.7258775607237999 -0.01 -0.08429010491792592)
(0.7181089927578508 0 -0.08454384650863125)
(0.7181089927578508 -0.01 -0.08454384650863125)
(0.7103401549138434 0 -0.08478919103506907)
(0.7103401549138434 -0.01 -0.08478919103506907)
(0.7025710459240924 0 -0.0850257883910769)
(0.7025710459240924 -0.01 -0.0850257883910769)
(0.6948016854018568 0 -0.08525397777648593)
(0.6948016854018568 -0.01 -0.08525397777648593)
(0.6870320586343417 0 -0.08547291743955247)
(0.6870320586343417 -0.01 -0.08547291743955247)
(0.6792621971607875 0 -0.08568335823736783)
(0.6792621971607875 -0.01 -0.08568335823736783)
(0.6714920973595102 0 -0.08588481404638915)
(0.6714920973595102 -0.01 -0.08588481404638915)
(0.6637217776942732 0 -0.08607759910161228)
(0.6637217776942732 -0.01 -0.08607759910161228)
(0.6559512212413875 0 -0.08626059297351267)
(0.6559512212413875 -0.01 -0.08626059297351267)
(0.6481804638268125 0 -0.08643484164804885)
(0.6481804638268125 -0.01 -0.08643484164804885)
(0.6404094982992361 0 -0.08659954687980057)
(0.6404094982992361 -0.01 -0.08659954687980057)
(0.6326383408201357 0 -0.08675493100813168)
(0.6326383408201357 -0.01 -0.08675493100813168)
(0.6248670035008045 0 -0.08690104771684819)
(0.6248670035008045 -0.01 -0.08690104771684819)
(0.6170954838167515 0 -0.08703712289724701)
(0.6170954838167515 -0.01 -0.08703712289724701)
(0.6093237948715964 0 -0.08716316061785405)
(0.6093237948715964 -0.01 -0.08716316061785405)
(0.6015519638765646 0 -0.0872801099431612)
(0.6015519638765646 -0.01 -0.0872801099431612)
(0.5937799677196763 0 -0.08738551475778794)
(0.5937799677196763 -0.01 -0.08738551475778794)
(0.5860078494257386 0 -0.08748149142266252)
(0.5860078494257386 -0.01 -0.08748149142266252)
(0.5782356109573238 0 -0.08756718547003513)
(0.5782356109573238 -0.01 -0.08756718547003513)
(0.5704632569065897 0 -0.08764166281447612)
(0.5704632569065897 -0.01 -0.08764166281447612)
(0.5626908043886152 0 -0.08770503691328348)
(0.5626908043886152 -0.01 -0.08770503691328348)
(0.5549182738123881 0 -0.0877579786508713)
(0.5549182738123881 -0.01 -0.0877579786508713)
(0.5471456699661783 0 -0.08779876782053601)
(0.5471456699661783 -0.01 -0.08779876782053601)
(0.5393730182416879 0 -0.08782910421600854)
(0.5393730182416879 -0.01 -0.08782910421600854)
(0.5316003276167167 0 -0.08784685110826121)
(0.5316003276167167 -0.01 -0.08784685110826121)
(0.5238276190161733 0 -0.08785280073442418)
(0.5238276190161733 -0.01 -0.08785280073442418)
(0.5160549108245531 0 -0.08784615958098743)
(0.5160549108245531 -0.01 -0.08784615958098743)
(0.5082822226447627 0 -0.08782741304123991)
(0.5082822226447627 -0.01 -0.08782741304123991)
(0.5005095771489334 0 -0.08779553250278099)
(0.5005095771489334 -0.01 -0.08779553250278099)
(0.4927369961018412 0 -0.08775061230463989)
(0.4927369961018412 -0.01 -0.08775061230463989)
(0.4849645090629644 0 -0.08769161951834395)
(0.4849645090629644 -0.01 -0.08769161951834395)
(0.4771921347065123 0 -0.08761929354619397)
(0.4771921347065123 -0.01 -0.08761929354619397)
(0.4694199018804465 0 -0.08753306872115585)
(0.4694199018804465 -0.01 -0.08753306872115585)
(0.4616478459103924 0 -0.08743217302997662)
(0.4616478459103924 -0.01 -0.08743217302997662)
(0.4538759958482927 0 -0.08731648459010855)
(0.4538759958482927 -0.01 -0.08731648459010855)
(0.4461043843357861 0 -0.08718576213147025)
(0.4461043843357861 -0.01 -0.08718576213147025)
(0.4383330544109704 0 -0.08703923831422192)
(0.4383330544109704 -0.01 -0.08703923831422192)
(0.4305620305584042 0 -0.08687730725678827)
(0.4305620305584042 -0.01 -0.08687730725678827)
(0.4227913778837003 0 -0.08669844104135091)
(0.4227913778837003 -0.01 -0.08669844104135091)
(0.4150211388912178 0 -0.0865024360363174)
(0.4150211388912178 -0.01 -0.0865024360363174)
(0.4072513496941457 0 -0.08628931916784861)
(0.4072513496941457 -0.01 -0.08628931916784861)
(0.3994820714921366 0 -0.08605834515904193)
(0.3994820714921366 -0.01 -0.08605834515904193)
(0.3917133394379635 0 -0.08580966560220729)
(0.3917133394379635 -0.01 -0.08580966560220729)
(0.3839452495494122 0 -0.08554168327919051)
(0.3839452495494122 -0.01 -0.08554168327919051)
(0.3761778221833131 0 -0.08525514629601672)
(0.3761778221833131 -0.01 -0.08525514629601672)
(0.3684111890450559 0 -0.08494783065424504)
(0.3684111890450559 -0.01 -0.08494783065424504)
(0.3606453792431742 0 -0.08462037290874452)
(0.3606453792431742 -0.01 -0.08462037290874452)
(0.3528804783723482 0 -0.08427202382761127)
(0.3528804783723482 -0.01 -0.08427202382761127)
(0.3451165804241586 0 -0.08390199809084509)
(0.3451165804241586 -0.01 -0.08390199809084509)
(0.337353753980228 0 -0.08351013130314813)
(0.337353753980228 -0.01 -0.08351013130314813)
(0.3295921584983645 0 -0.08309459459497044)
(0.3295921584983645 -0.01 -0.08309459459497044)
(0.3218318560546209 0 -0.08265557233774966)
(0.3218318560546209 -0.01 -0.08265557233774966)
(0.31407296891641 0 -0.08219221014404564)
(0.31407296891641 -0.01 -0.08219221014404564)
(0.3063156636485119 0 -0.08170308051436456)
(0.3063156636485119 -0.01 -0.08170308051436456)
(0.2916612520354791 0 0.03956798721710875)
(0.2985974920901087 0 0.039108475925576)
(0.2985974920901087 -0.01 0.039108475925576)
(0.2916612520354791 -0.01 0.03956798721710875)
(0.2848478716141452 0 0.03999688134284989)
(0.2848478716141452 -0.01 0.03999688134284989)
(0.2781552386747726 0 0.04039600839535995)
(0.2781552386747726 -0.01 0.04039600839535995)
(0.2715812755704457 0 0.04076611871757)
(0.2715812755704457 -0.01 0.04076611871757)
(0.265123910533028 0 0.04110734361574064)
(0.265123910533028 -0.01 0.04110734361574064)
(0.2587811498983482 0 0.04142049243048828)
(0.2587811498983482 -0.01 0.04142049243048828)
(0.2525510363745487 0 0.04170677829957044)
(0.2525510363745487 -0.01 0.04170677829957044)
(0.2464316085722943 0 0.04196590286985279)
(0.2464316085722943 -0.01 0.04196590286985279)
(0.2404209683692147 0 0.04219867636399251)
(0.2404209683692147 -0.01 0.04219867636399251)
(0.2345172619988669 0 0.04240606356463628)
(0.2345172619988669 -0.01 0.04240606356463628)
(0.228718654565508 0 0.04258896239642157)
(0.228718654565508 -0.01 0.04258896239642157)
(0.2230233340858719 0 0.04274715495532383)
(0.2230233340858719 -0.01 0.04274715495532383)
(0.2174295435424774 0 0.04288159746894842)
(0.2174295435424774 -0.01 0.04288159746894842)
(0.2119355311195139 0 0.04299268583431301)
(0.2119355311195139 -0.01 0.04299268583431301)
(0.2065396014066763 0 0.0430811777571614)
(0.2065396014066763 -0.01 0.0430811777571614)
(0.2012400719514914 0 0.04314732564663827)
(0.2012400719514914 -0.01 0.04314732564663827)
(0.1960353006894214 0 0.04319165560702547)
(0.1960353006894214 -0.01 0.04319165560702547)
(0.1909236709928918 0 0.04321536357169086)
(0.1909236709928918 -0.01 0.04321536357169086)
(0.1859035953532155 0 0.04321789888060348)
(0.1859035953532155 -0.01 0.04321789888060348)
(0.1809735158567913 0 0.04320019617849842)
(0.1809735158567913 -0.01 0.04320019617849842)
(0.1761319008551486 0 0.04316287141449948)
(0.1761319008551486 -0.01 0.04316287141449948)
(0.1713772568577162 0 0.04310557775271854)
(0.1713772568577162 -0.01 0.04310557775271854)
(0.1667081053824439 0 0.0430292444546521)
(0.1667081053824439 -0.01 0.0430292444546521)
(0.1621229805436697 0 0.04293536597609787)
(0.1621229805436697 -0.01 0.04293536597609787)
(0.1576204938999375 0 0.04282239668231803)
(0.1576204938999375 -0.01 0.04282239668231803)
(0.1531992191753801 0 0.04269240122297187)
(0.1531992191753801 -0.01 0.04269240122297187)
(0.1488578306132355 0 0.0425442156117587)
(0.1488578306132355 -0.01 0.0425442156117587)
(0.1445949355952533 0 0.04237960722769411)
(0.1445949355952533 -0.01 0.04237960722769411)
(0.1404092470956633 0 0.04219821432099259)
(0.1404092470956633 -0.01 0.04219821432099259)
(0.1362994685074927 0 0.04200041264381987)
(0.1362994685074927 -0.01 0.04200041264381987)
(0.1322643510225226 0 0.0417861928773415)
(0.1322643510225226 -0.01 0.0417861928773415)
(0.1283026008478991 0 0.04155683132178052)
(0.1283026008478991 -0.01 0.04155683132178052)
(0.1244130522466739 0 0.0413117161204778)
(0.1244130522466739 -0.01 0.0413117161204778)
(0.1205945082217285 0 0.04105116061327883)
(0.1205945082217285 -0.01 0.04105116061327883)
(0.1168457462607369 0 0.04077620866907195)
(0.1168457462607369 -0.01 0.04077620866907195)
(0.1131656614599816 0 0.04048645600669114)
(0.1131656614599816 -0.01 0.04048645600669114)
(0.1095531631368839 0 0.04018190751428481)
(0.1095531631368839 -0.01 0.04018190751428481)
(0.1060070978913627 0 0.03986335596271436)
(0.1060070978913627 -0.01 0.03986335596271436)
(0.1025263908516732 0 0.03953099326052623)
(0.1025263908516732 -0.01 0.03953099326052623)
(0.09911000089821716 0 0.03918487640710321)
(0.09911000089821716 -0.01 0.03918487640710321)
(0.09575697423882733 0 0.03882451279078847)
(0.09575697423882733 -0.01 0.03882451279078847)
(0.09246622238474851 0 0.03845076482795335)
(0.09246622238474851 -0.01 0.03845076482795335)
(0.0892367789750842 0 0.03806375960951745)
(0.0892367789750842 -0.01 0.03806375960951745)
(0.08606762635510121 0 0.03766407180933641)
(0.08606762635510121 -0.01 0.03766407180933641)
(0.0829580469105141 0 0.03725002119392531)
(0.0829580469105141 -0.01 0.03725002119392531)
(0.07990694808937146 0 0.0368232787134112)
(0.07990694808937146 -0.01 0.0368232787134112)
(0.07691344264997839 0 0.03638383597538006)
(0.07691344264997839 -0.01 0.03638383597538006)
(0.0739766874401874 0 0.03593166115824978)
(0.0739766874401874 -0.01 0.03593166115824978)
(0.07109600903506834 0 0.03546565840411524)
(0.07109600903506834 -0.01 0.03546565840411524)
(0.06827049344992744 0 0.0349867051507922)
(0.06827049344992744 -0.01 0.0349867051507922)
(0.06549933296599587 0 0.03449491387812902)
(0.06549933296599587 -0.01 0.03449491387812902)
(0.06278187083843145 0 0.03398972121579244)
(0.06278187083843145 -0.01 0.03398972121579244)
(0.06011726360189075 0 0.03347166261971181)
(0.06011726360189075 -0.01 0.03347166261971181)
(0.05750505285852913 0 0.03293964647659994)
(0.05750505285852913 -0.01 0.03293964647659994)
(0.05494421522936378 0 0.03239525102975029)
(0.05494421522936378 -0.01 0.03239525102975029)
(0.05243455164768933 0 0.03183633048025059)
(0.05243455164768933 -0.01 0.03183633048025059)
(0.04997529067115963 0 0.03126354517368342)
(0.04997529067115963 -0.01 0.03126354517368342)
(0.04756579948433207 0 0.03067717554077651)
(0.04756579948433207 -0.01 0.03067717554077651)
(0.04520583013790131 0 0.03007579687399855)
(0.04520583013790131 -0.01 0.03007579687399855)
(0.04289463055180159 0 0.0294603730808832)
(0.04289463055180159 -0.01 0.0294603730808832)
(0.04063216627634752 0 0.02882918067571735)
(0.04063216627634752 -0.01 0.02882918067571735)
(0.03841788231289584 0 0.02818250038357174)
(0.03841788231289584 -0.01 0.02818250038357174)
(0.03625161148805768 0 0.02751953257908525)
(0.03625161148805768 -0.01 0.02751953257908525)
(0.03413298274941381 0 0.02684036579410514)
(0.03413298274941381 -0.01 0.02684036579410514)
(0.03206193159057622 0 0.0261440467166788)
(0.03206193159057622 -0.01 0.0261440467166788)
(0.03003872678730922 0 0.02542906922868511)
(0.03003872678730922 -0.01 0.02542906922868511)
(0.02806303696668234 0 0.02469582071664542)
(0.02806303696668234 -0.01 0.02469582071664542)
(0.02613519171318126 0 0.02394303512664359)
(0.02613519171318126 -0.01 0.02394303512664359)
(0.02425563948688684 0 0.02316949440476979)
(0.02425563948688684 -0.01 0.02316949440476979)
(0.02242460766378596 0 0.02237469302569246)
(0.02242460766378596 -0.01 0.02237469302569246)
(0.02064299198737674 0 0.02155697353394462)
(0.02064299198737674 -0.01 0.02155697353394462)
(0.01891155865485445 0 0.0207153146893211)
(0.01891155865485445 -0.01 0.0207153146893211)
(0.01723164992685291 0 0.01984778311539837)
(0.01723164992685291 -0.01 0.01984778311539837)
(0.01560447603404101 0 0.0189532908613678)
(0.01560447603404101 -0.01 0.0189532908613678)
(0.01403183532050045 0 0.01803009134725676)
(0.01403183532050045 -0.01 0.01803009134725676)
(0.01251589915005794 0 0.01707665003579538)
(0.01251589915005794 -0.01 0.01707665003579538)
(0.0110596143179909 0 0.0160905610080519)
(0.0110596143179909 -0.01 0.0160905610080519)
(0.009665990454438052 0 0.01507012614618142)
(0.009665990454438052 -0.01 0.01507012614618142)
(0.008339367748529171 0 0.0140124232564344)
(0.008339367748529171 -0.01 0.0140124232564344)
(0.007084041094090285 0 0.01291744320504072)
(0.007084041094090285 -0.01 0.01291744320504072)
(0.005906093043731638 0 0.0117818497810275)
(0.005906093043731638 -0.01 0.0117818497810275)
(0.004811276705960308 0 0.01060491873556266)
(0.004811276705960308 -0.01 0.01060491873556266)
(0.00380823477734171 0 0.009386634252154616)
(0.00380823477734171 -0.01 0.009386634252154616)
(0.002904509009024703 0 0.008127910416258566)
(0.002904509009024703 -0.01 0.008127910416258566)
(0.002107834053057383 0 0.006829986424363567)
(0.002107834053057383 -0.01 0.006829986424363567)
(0.001427937362971711 0 0.005498627835707835)
(0.001427937362971711 -0.01 0.005498627835707835)
(0.0008710602299354495 0 0.004140704623097005)
(0.0008710602299354495 -0.01 0.004140704623097005)
(0.0004419151618564707 0 0.002764701879951143)
(0.0004419151618564707 -0.01 0.002764701879951143)
(0.0001422000967678406 0 0.001381547571253172)
(0.0001422000967678406 -0.01 0.001381547571253172)
(0.9898357755244399 0 -0.06823409075892953)
(0.9898357755244399 -0.01 -0.06823409075892953)
(0.9821463391198977 0 -0.06657916624313609)
(0.9821463391198977 -0.01 -0.06657916624313609)
(0.9744546041024146 0 -0.06493495506479326)
(0.9744546041024146 -0.01 -0.06493495506479326)
(0.9667606449966686 0 -0.06330118552326122)
(0.9667606449966686 -0.01 -0.06330118552326122)
(0.9590645294263382 0 -0.06167760404549973)
(0.9590645294263382 -0.01 -0.06167760404549973)
(0.9513661562225104 0 -0.06006476259825884)
(0.9513661562225104 -0.01 -0.06006476259825884)
(0.9436656862962719 0 -0.0584619608899216)
(0.9436656862962719 -0.01 -0.0584619608899216)
(0.9359631887946349 0 -0.05686893252185809)
(0.9359631887946349 -0.01 -0.05686893252185809)
(0.9282585927561881 0 -0.05528608375782586)
(0.9282585927561881 -0.01 -0.05528608375782586)
(0.9205521076762754 0 -0.0537124560327482)
(0.9205521076762754 -0.01 -0.0537124560327482)
(0.9128436053211041 0 -0.05214874384417409)
(0.9128436053211041 -0.01 -0.05214874384417409)
(0.905133114291943 0 -0.05059486463774423)
(0.905133114291943 -0.01 -0.05059486463774423)
(0.8974207594155079 0 -0.04905026387075349)
(0.8974207594155079 -0.01 -0.04905026387075349)
(0.8897066994341342 0 -0.04751420083681938)
(0.8897066994341342 -0.01 -0.04751420083681938)
(0.8819906129357407 0 -0.04598835151289912)
(0.8819906129357407 -0.01 -0.04598835151289912)
(0.8742728177245314 0 -0.04447116943806743)
(0.8742728177245314 -0.01 -0.04447116943806743)
(0.8665532991716565 0 -0.04296277832578649)
(0.8665532991716565 -0.01 -0.04296277832578649)
(0.858832035337638 0 -0.04146334537405476)
(0.858832035337638 -0.01 -0.04146334537405476)
(0.8511090197817404 0 -0.03997296310454666)
(0.8511090197817404 -0.01 -0.03997296310454666)
(0.8433842747581071 0 -0.03849157055382327)
(0.8433842747581071 -0.01 -0.03849157055382327)
(0.8356578701064492 0 -0.03701885815341177)
(0.8356578701064492 -0.01 -0.03701885815341177)
(0.8279298992178628 0 -0.03555438787529206)
(0.8279298992178628 -0.01 -0.03555438787529206)
(0.8202001846880445 0 -0.03409914603267512)
(0.8202001846880445 -0.01 -0.03409914603267512)
(0.8124690409226123 0 -0.03265151907606401)
(0.8124690409226123 -0.01 -0.03265151907606401)
(0.8047361461596501 0 -0.03121327424031632)
(0.8047361461596501 -0.01 -0.03121327424031632)
(0.7970016604198776 0 -0.02978361005028042)
(0.7970016604198776 -0.01 -0.02978361005028042)
(0.7892656318631827 0 -0.02836231781776749)
(0.7892656318631827 -0.01 -0.02836231781776749)
(0.7815280600479249 0 -0.02694945098935674)
(0.7815280600479249 -0.01 -0.02694945098935674)
(0.773788910422458 0 -0.02554525269828276)
(0.773788910422458 -0.01 -0.02554525269828276)
(0.7660482461769206 0 -0.02414942761665069)
(0.7660482461769206 -0.01 -0.02414942761665069)
(0.7583060680473986 0 -0.02276202396408619)
(0.7583060680473986 -0.01 -0.02276202396408619)
(0.7505624108775868 0 -0.02138290021159337)
(0.7505624108775868 -0.01 -0.02138290021159337)
(0.7428172343438676 0 -0.02001233296207848)
(0.7428172343438676 -0.01 -0.02001233296207848)
(0.7350704433801455 0 -0.01865092186692278)
(0.7350704433801455 -0.01 -0.01865092186692278)
(0.7273221803340535 0 -0.01729791444799745)
(0.7273221803340535 -0.01 -0.01729791444799745)
(0.7195724617715589 0 -0.01595326828658699)
(0.7195724617715589 -0.01 -0.01595326828658699)
(0.7118212179692489 0 -0.01461744287224117)
(0.7118212179692489 -0.01 -0.01461744287224117)
(0.7040684947656027 0 -0.01329023062388286)
(0.7040684947656027 -0.01 -0.01329023062388286)
(0.6963142744860065 0 -0.01197179333549722)
(0.6963142744860065 -0.01 -0.01197179333549722)
(0.6885584609249237 0 -0.01066276114346534)
(0.6885584609249237 -0.01 -0.01066276114346534)
(0.6808011680404431 0 -0.009362524070883525)
(0.6808011680404431 -0.01 -0.009362524070883525)
(0.6730425085438588 0 -0.008070465827794327)
(0.6730425085438588 -0.01 -0.008070465827794327)
(0.6652822424241078 0 -0.006788093227080811)
(0.6652822424241078 -0.01 -0.006788093227080811)
(0.6575204229678655 0 -0.005515156826086576)
(0.6575204229678655 -0.01 -0.005515156826086576)
(0.6497570808956751 0 -0.004251539484135109)
(0.6497570808956751 -0.01 -0.004251539484135109)
(0.641992182638334 0 -0.002997519167890515)
(0.641992182638334 -0.01 -0.002997519167890515)
(0.6342257517012996 0 -0.001753027835819434)
(0.6342257517012996 -0.01 -0.001753027835819434)
(0.6264578048993794 0 -0.0005180330459897495)
(0.6264578048993794 -0.01 -0.0005180330459897495)
(0.6186882085655665 0 0.0007065413825979271)
(0.6186882085655665 -0.01 0.0007065413825979271)
(0.6109170900292558 0 0.001921418615820602)
(0.6109170900292558 -0.01 0.001921418615820602)
(0.6031443613774369 0 0.003125951108569546)
(0.6031443613774369 -0.01 0.003125951108569546)
(0.5953700325677311 0 0.00432011249829203)
(0.5953700325677311 -0.01 0.00432011249829203)
(0.5875941005077611 0 0.005503789233889065)
(0.5875941005077611 -0.01 0.005503789233889065)
(0.5798165919283792 0 0.006677062349412642)
(0.5798165919283792 -0.01 0.006677062349412642)
(0.57203733679715 0 0.007838699435129387)
(0.57203733679715 -0.01 0.007838699435129387)
(0.5642565287265768 0 0.008989888262811262)
(0.5642565287265768 -0.01 0.008989888262811262)
(0.5564739551792635 0 0.01012908055327099)
(0.5564739551792635 -0.01 0.01012908055327099)
(0.5486897056752026 0 0.01125676389502219)
(0.5486897056752026 -0.01 0.01125676389502219)
(0.5409037836705541 0 0.01237284115355624)
(0.5409037836705541 -0.01 0.01237284115355624)
(0.5331161303809108 0 0.01347677321606069)
(0.5331161303809108 -0.01 0.01347677321606069)
(0.5253266803776291 0 0.01456795521135914)
(0.5253266803776291 -0.01 0.01456795521135914)
(0.5175354925170484 0 0.01564665918529047)
(0.5175354925170484 -0.01 0.01564665918529047)
(0.5097425436499335 0 0.01671256620510281)
(0.5097425436499335 -0.01 0.01671256620510281)
(0.5019477266091765 0 0.01776472429120014)
(0.5019477266091765 -0.01 0.01776472429120014)
(0.4941511313417286 0 0.018803623263866)
(0.4941511313417286 -0.01 0.018803623263866)
(0.4863526717421193 0 0.01982843364257756)
(0.4863526717421193 -0.01 0.01982843364257756)
(0.478552388513098 0 0.02083927145242162)
(0.478552388513098 -0.01 0.02083927145242162)
(0.4707501751991631 0 0.02183510063657924)
(0.4707501751991631 -0.01 0.02183510063657924)
(0.4629461671949322 0 0.02281676719968564)
(0.4629461671949322 -0.01 0.02281676719968564)
(0.4551400745330216 0 0.0237817171321773)
(0.4551400745330216 -0.01 0.0237817171321773)
(0.4473321913041244 0 0.02473207208770541)
(0.4473321913041244 -0.01 0.02473207208770541)
(0.4395222748193655 0 0.02566556637159)
(0.4395222748193655 -0.01 0.02566556637159)
(0.4317104319315475 0 0.0265828011513391)
(0.4317104319315475 -0.01 0.0265828011513391)
(0.4238966200688024 0 0.0274831090222954)
(0.4238966200688024 -0.01 0.0274831090222954)
(0.4160807413931689 0 0.02836529374879665)
(0.4160807413931689 -0.01 0.02836529374879665)
(0.4082628439551163 0 0.02922940487777503)
(0.4082628439551163 -0.01 0.02922940487777503)
(0.4004429687344507 0 0.03007543067463898)
(0.4004429687344507 -0.01 0.03007543067463898)
(0.3926210446735099 0 0.03090230503585915)
(0.3926210446735099 -0.01 0.03090230503585915)
(0.3847970282048194 0 0.03170913439385282)
(0.3847970282048194 -0.01 0.03170913439385282)
(0.376970997913459 0 0.03249618770228983)
(0.376970997913459 -0.01 0.03249618770228983)
(0.3691429339830046 0 0.03326275230616989)
(0.3691429339830046 -0.01 0.03326275230616989)
(0.361312716611472 0 0.03400700101165029)
(0.361312716611472 -0.01 0.03400700101165029)
(0.3534805196403309 0 0.03473012555584198)
(0.3534805196403309 -0.01 0.03473012555584198)
(0.3456461779468427 0 0.03542962411509969)
(0.3456461779468427 -0.01 0.03542962411509969)
(0.3378098150305475 0 0.03610610150951427)
(0.3378098150305475 -0.01 0.03610610150951427)
(0.3299714121607942 0 0.03675851792400648)
(0.3299714121607942 -0.01 0.03675851792400648)
(0.3221309176815543 0 0.03738529916263971)
(0.3221309176815543 -0.01 0.03738529916263971)
(0.3142884306610026 0 0.03798663648021883)
(0.3142884306610026 -0.01 0.03798663648021883)
(0.3064439388833935 0 0.0385612292655732)
(0.3064439388833935 -0.01 0.0385612292655732)
(0.2985939575425056 0 -0.08068950055103112)
(0.2914677587940284 3.772191808237962e-22 -0.08019270000215624)
(0.2914677587940284 -0.01 -0.08019270000215624)
(0.2985939575425056 -0.01 -0.08068950055103112)
(0.2844709078591092 3.772191912219027e-22 -0.07968207383674929)
(0.2844709078591092 -0.01 -0.07968207383674929)
(0.2776012102870853 0 -0.07915805536130095)
(0.2776012102870853 -0.01 -0.07915805536130095)
(0.2708564460068605 0 -0.07862016549751971)
(0.2708564460068605 -0.01 -0.07862016549751971)
(0.2642343551908457 0 -0.07807081968097591)
(0.2642343551908457 -0.01 -0.07807081968097591)
(0.2577329959747463 0 -0.07750753084131738)
(0.2577329959747463 -0.01 -0.07750753084131738)
(0.2513499905727784 0 -0.07693362702347163)
(0.2513499905727784 -0.01 -0.07693362702347163)
(0.2450835641548022 4.28123138536266e-22 -0.07634754945389871)
(0.2450835641548022 -0.01 -0.07634754945389871)
(0.2389315616839197 4.281230889728082e-22 -0.07574971039406074)
(0.2389315616839197 -0.01 -0.07574971039406074)
(0.2328919571055712 0 -0.07514152098263217)
(0.2328919571055712 -0.01 -0.07514152098263217)
(0.2269629204284664 0 -0.07452211534514246)
(0.2269629204284664 -0.01 -0.07452211534514246)
(0.22114240743023 0 -0.07389290180334625)
(0.22114240743023 -0.01 -0.07389290180334625)
(0.2154286517176185 4.686376194400526e-22 -0.07325325562629859)
(0.2154286517176185 -0.01 -0.07325325562629859)
(0.2098197152064201 4.686377106437133e-22 -0.07260433410678545)
(0.2098197152064201 -0.01 -0.07260433410678545)
(0.2043138898031027 4.858972805579085e-22 -0.07194555662339351)
(0.2043138898031027 -0.01 -0.07194555662339351)
(0.1989093341325629 4.858973658624112e-22 -0.07127780598853384)
(0.1989093341325629 -0.01 -0.07127780598853384)
(0.1936043473782807 0 -0.07060067360669098)
(0.1936043473782807 -0.01 -0.07060067360669098)
(0.1883970785393717 0 -0.06991572280032939)
(0.1883970785393717 -0.01 -0.06991572280032939)
(0.1832860372086726 0 -0.06922195936104519)
(0.1832860372086726 -0.01 -0.06922195936104519)
(0.178269399042994 -5.318784718401523e-22 -0.06852030869034594)
(0.178269399042994 -0.01 -0.06852030869034594)
(0.1733455881298805 -5.318786831197504e-22 -0.06781149107554751)
(0.1733455881298805 -0.01 -0.06781149107554751)
(0.1685131736949816 -5.514672747564572e-22 -0.06709416301469652)
(0.1685131736949816 -0.01 -0.06709416301469652)
(0.1637703201908909 -5.514674661185379e-22 -0.06637033101048592)
(0.1637703201908909 -0.01 -0.06637033101048592)
(0.1591157662206006 0 -0.06563896102979871)
(0.1591157662206006 -0.01 -0.06563896102979871)
(0.1545479028908905 0 -0.06490038233845952)
(0.1545479028908905 -0.01 -0.06490038233845952)
(0.1500651857955721 -5.928353921987075e-22 -0.06415537916711331)
(0.1500651857955721 -0.01 -0.06415537916711331)
(0.1456662598290504 -5.928354073162083e-22 -0.06340374189066532)
(0.1456662598290504 -0.01 -0.06340374189066532)
(0.1413496339267552 0 -0.06264586109518035)
(0.1413496339267552 -0.01 -0.06264586109518035)
(0.1371139473756164 0 -0.06188220525487881)
(0.1371139473756164 -0.01 -0.06188220525487881)
(0.1329580002969245 0 -0.06111169061585847)
(0.1329580002969245 -0.01 -0.06111169061585847)
(0.1288801969040876 6.489369265091932e-22 -0.06033577699054309)
(0.1288801969040876 -0.01 -0.06033577699054309)
(0.1248794038955191 6.489367842317285e-22 -0.05955377275840232)
(0.1248794038955191 -0.01 -0.05955377275840232)
(0.1209541710431769 0 -0.05876687576256948)
(0.1209541710431769 -0.01 -0.05876687576256948)
(0.1171035390796241 0 -0.05797372950705624)
(0.1171035390796241 -0.01 -0.05797372950705624)
(0.1133259788698309 0 -0.05717542343954789)
(0.1133259788698309 -0.01 -0.05717542343954789)
(0.1096203408580311 0 -0.05637235985974279)
(0.1096203408580311 -0.01 -0.05637235985974279)
(0.1059857084339193 -7.233094355841234e-22 -0.05556353909079088)
(0.1059857084339193 -0.01 -0.05556353909079088)
(0.1024207848375946 -7.233093967996719e-22 -0.05474919035896395)
(0.1024207848375946 -0.01 -0.05474919035896395)
(0.09892430956631335 7.499479565935298e-22 -0.0539299295629411)
(0.09892430956631335 -0.01 -0.0539299295629411)
(0.0954952250402898 7.499485268654115e-22 -0.05310619559864339)
(0.0954952250402898 -0.01 -0.05310619559864339)
(0.09213274093162657 7.775693521195798e-22 -0.05227668293635448)
(0.09213274093162657 -0.01 -0.05227668293635448)
(0.08883549384027281 1.569328755756728e-21 -0.05144243488305861)
(0.08883549384027281 -0.01 -0.05144243488305861)
(0.08560263139757776 1.597966965708318e-21 -0.05060311508977711)
(0.08560263139757776 -0.01 -0.05060311508977711)
(0.08243309184169384 8.06207639099618e-22 -0.04975870640309296)
(0.08243309184169384 -0.01 -0.04975870640309296)
(0.07932582809761313 0 -0.04890980015860636)
(0.07932582809761313 -0.01 -0.04890980015860636)
(0.07628018965019488 0 -0.04805533828616525)
(0.07628018965019488 -0.01 -0.04805533828616525)
(0.07329508121256761 8.666841905228593e-22 -0.04719581498538462)
(0.07329508121256761 -0.01 -0.04719581498538462)
(0.07036976168384673 8.666843706920316e-22 -0.04633074104508633)
(0.07036976168384673 -0.01 -0.04633074104508633)
(0.06750325063384612 0 -0.04546029474137541)
(0.06750325063384612 -0.01 -0.04546029474137541)
(0.06469468899226988 -9.150040032304914e-22 -0.04458476756399295)
(0.06469468899226988 -0.01 -0.04458476756399295)
(0.061943542724233 -9.150042733070886e-22 -0.04370330519652078)
(0.061943542724233 -0.01 -0.04370330519652078)
(0.05924886414426218 0 -0.04281602924310141)
(0.05924886414426218 -0.01 -0.04281602924310141)
(0.05660991241232619 0 -0.04192321811337169)
(0.05660991241232619 -0.01 -0.04192321811337169)
(0.05402634730548603 -9.836442897744523e-22 -0.04102368292071373)
(0.05402634730548603 -0.01 -0.04102368292071373)
(0.05149718095536471 -9.836442329974383e-22 -0.04011765343273453)
(0.05149718095536471 -0.01 -0.04011765343273453)
(0.04902172929918739 -1.019873353413329e-21 -0.03920588633262289)
(0.04902172929918739 -0.01 -0.03920588633262289)
(0.04660010605497615 -1.019872012774965e-21 -0.03828590618781234)
(0.04660010605497615 -0.01 -0.03828590618781234)
(0.04423090289783756 1.057435785795995e-21 -0.03735965239435499)
(0.04423090289783756 -0.01 -0.03735965239435499)
(0.04191438106830631 1.057436141751968e-21 -0.03642529470696454)
(0.04191438106830631 -0.01 -0.03642529470696454)
(0.03964975437426397 0 -0.03548323841177269)
(0.03964975437426397 -0.01 -0.03548323841177269)
(0.03743705935256979 -1.116385541253003e-21 -0.03453236873306054)
(0.03743705935256979 -0.01 -0.03453236873306054)
(0.03527581676193899 -1.116385874704448e-21 -0.03357217727152013)
(0.03527581676193899 -0.01 -0.03357217727152013)
(0.03316549186671394 -1.157507861427324e-21 -0.03260333415919257)
(0.03316549186671394 -0.01 -0.03260333415919257)
(0.03110655979024502 -1.157510672783639e-21 -0.0316241639843557)
(0.03110655979024502 -0.01 -0.0316241639843557)
(0.02909880960629932 0 -0.03063408121222598)
(0.02909880960629932 -0.01 -0.03063408121222598)
(0.02714210145498361 0 -0.02963304526082897)
(0.02714210145498361 -0.01 -0.02963304526082897)
(0.02523710763874859 1.244339735720321e-21 -0.02861946935082571)
(0.02523710763874859 -0.01 -0.02861946935082571)
(0.02338383791260007 1.877883160708098e-21 -0.02759306262549433)
(0.02338383791260007 -0.01 -0.02759306262549433)
(0.02158309711124615 1.278633473848777e-21 -0.02655230807314167)
(0.02158309711124615 -0.01 -0.02655230807314167)
(0.01983491185909739 6.451034203858163e-22 -0.02549753174927474)
(0.01983491185909739 -0.01 -0.02549753174927474)
(0.01814108793951222 0 -0.02442633141014256)
(0.01814108793951222 -0.01 -0.02442633141014256)
(0.0165021701590912 -6.810699332092878e-22 -0.02333818897025872)
(0.0165021701590912 -0.01 -0.02333818897025872)
(0.01491960829392561 -6.81079515100216e-22 -0.0222319774469925)
(0.01491960829392561 -0.01 -0.0222319774469925)
(0.01339555207951367 0 -0.02110612773658317)
(0.01339555207951367 -0.01 -0.02110612773658317)
(0.01193229536769164 7.19080086508968e-22 -0.01995851449690224)
(0.01193229536769164 -0.01 -0.01995851449690224)
(0.01053157185845253 7.191015110273158e-22 -0.01878929245863293)
(0.01053157185845253 -0.01 -0.01878929245863293)
(0.009197524014374188 0 -0.0175960887764333)
(0.009197524014374188 -0.01 -0.0175960887764333)
(0.007933846961519619 0 -0.01637713809282805)
(0.007933846961519619 -0.01 -0.01637713809282805)
(0.00674413905306273 0 -0.01513191851044935)
(0.00674413905306273 -0.01 -0.01513191851044935)
(0.005635386169788786 0 -0.01385872576088149)
(0.005635386169788786 -0.01 -0.01385872576088149)
(0.004612610392505235 0 -0.01255757494264139)
(0.004612610392505235 -0.01 -0.01255757494264139)
(0.003682232589281286 0 -0.01122777925209992)
(0.003682232589281286 -0.01 -0.01122777925209992)
(0.002854009274015835 0 -0.009871278569654779)
(0.002854009274015835 -0.01 -0.009871278569654779)
(0.002134658599052402 0 -0.008490104291748251)
(0.002134658599052402 -0.01 -0.008490104291748251)
(0.001532691340512565 0 -0.007087088643307591)
(0.001532691340512565 -0.01 -0.007087088643307591)
(0.001056526550136773 -4.390267908424284e-22 -0.005670619393270638)
(0.001056526550136773 -0.01 -0.005670619393270638)
(0.0007109860619460731 -4.390626522054104e-22 -0.004247243409430254)
(0.0007109860619460731 -0.01 -0.004247243409430254)
(0.0004987586214650287 1.138418565123309e-22 -0.002826661536048439)
(0.0004987586214650287 -0.01 -0.002826661536048439)
(0.0004192344213711669 1.718035288474492e-22 -0.001420059861101915)
(0.0004192344213711669 -0.01 -0.001420059861101915)
(0.0004681738756876307 5.795790519767755e-23 -3.750057627227214e-05)
(0.0004681738756876307 -0.01 -3.750057627227214e-05)
(0.9970239535322747 0 -0.06986558991551213)
(0.9897346430852163 -6.810952288732461e-22 -0.06997482062742628)
(0.9897346430852163 -0.01 -0.06997482062742628)
(0.9970239535322747 -0.01 -0.06986558991551213)
(0.9819830127578447 1.11713035211865e-28 -0.07053754900846242)
(0.9819830127578447 -0.01 -0.07053754900846242)
(0.9742306093559654 6.810953526343979e-22 -0.07108932178729077)
(0.9742306093559654 -0.01 -0.07108932178729077)
(0.9664774402522244 0 -0.07163046466896018)
(0.9664774402522244 -0.01 -0.07163046466896018)
(0.9587235144600521 0 -0.07216116313702814)
(0.9587235144600521 -0.01 -0.07216116313702814)
(0.9509689651846532 0 -0.07268230683036785)
(0.9509689651846532 -0.01 -0.07268230683036785)
(0.9432136589229493 0 -0.07319223064093604)
(0.9432136589229493 -0.01 -0.07319223064093604)
(0.9354577071406596 0 -0.07369295386908725)
(0.9354577071406596 -0.01 -0.07369295386908725)
(0.9277011427199325 3.405476611087675e-22 -0.07418388073081165)
(0.9277011427199325 -0.01 -0.07418388073081165)
(0.919943984925218 -5.361956696241414e-31 -0.0746651784597463)
(0.919943984925218 -0.01 -0.0746651784597463)
(0.9121861927404697 -3.405476559283174e-22 -0.07513636821714736)
(0.9121861927404697 -0.01 -0.07513636821714736)
(0.904427808471634 0 -0.07559835950875625)
(0.904427808471634 -0.01 -0.07559835950875625)
(0.8966689133070417 0 -0.07605144168796868)
(0.8966689133070417 -0.01 -0.07605144168796868)
(0.888909458678834 0 -0.07649487575360014)
(0.888909458678834 -0.01 -0.07649487575360014)
(0.8811495080446184 0 -0.07692946439763873)
(0.8811495080446184 -0.01 -0.07692946439763873)
(0.8733889937544063 0 -0.0773542602437753)
(0.8733889937544063 -0.01 -0.0773542602437753)
(0.8656280163683285 0 -0.0777708797379625)
(0.8656280163683285 -0.01 -0.0777708797379625)
(0.8578665842906155 0 -0.07817831715217745)
(0.8578665842906155 -0.01 -0.07817831715217745)
(0.850104651313076 0 -0.07857656118782107)
(0.850104651313076 -0.01 -0.07857656118782107)
(0.8423422760469826 3.405476497370808e-22 -0.07896636566295687)
(0.8423422760469826 -0.01 -0.07896636566295687)
(0.8345794567403512 4.384830311655151e-31 -0.07934740332679627)
(0.8345794567403512 -0.01 -0.07934740332679627)
(0.8268162475606785 -6.810953024064405e-22 -0.07972027032645893)
(0.8268162475606785 -0.01 -0.07972027032645893)
(0.8190526164845648 -3.405476421712758e-22 -0.08008415542342351)
(0.8190526164845648 -0.01 -0.08008415542342351)
(0.8112886042264521 0 -0.08043973478616084)
(0.8112886042264521 -0.01 -0.08043973478616084)
(0.803524169185781 3.405476271794366e-22 -0.08078621868407225)
(0.803524169185781 -0.01 -0.08078621868407225)
(0.7957593617973483 6.810952770449654e-22 -0.08112475294780513)
(0.7957593617973483 -0.01 -0.08112475294780513)
(0.7879942204621648 3.405476493863681e-22 -0.08145485681900402)
(0.7879942204621648 -0.01 -0.08145485681900402)
(0.7802286990798716 -3.40547630015276e-22 -0.08177611733293151)
(0.7802286990798716 -0.01 -0.08177611733293151)
(0.7724628364841426 -3.405476352324454e-22 -0.08208923207550399)
(0.7724628364841426 -0.01 -0.08208923207550399)
(0.7646966303022104 0 -0.0823937586861503)
(0.7646966303022104 -0.01 -0.0823937586861503)
(0.7569301097979519 3.405476290511966e-22 -0.08269021117297323)
(0.7569301097979519 -0.01 -0.08269021117297323)
(0.7491633035666937 3.405476372033398e-22 -0.0829781360257829)
(0.7491633035666937 -0.01 -0.0829781360257829)
(0.7413961228333803 0 -0.08325688310953042)
(0.7413961228333803 -0.01 -0.08325688310953042)
(0.7336286922209621 3.405476550143796e-22 -0.08352834466053931)
(0.7336286922209621 -0.01 -0.08352834466053931)
(0.7258609707430063 6.810952840375599e-22 -0.08379038022118054)
(0.7258609707430063 -0.01 -0.08379038022118054)
(0.7180929402441686 3.40547643929595e-22 -0.08404410425826164)
(0.7180929402441686 -0.01 -0.08404410425826164)
(0.7103246538239573 0 -0.08428943137662079)
(0.7103246538239573 -0.01 -0.08428943137662079)
(0.7025560966090498 0 -0.08452601192306369)
(0.7025560966090498 -0.01 -0.08452601192306369)
(0.6947873040252621 0 -0.08475418464327256)
(0.6947873040252621 -0.01 -0.08475418464327256)
(0.6870182481204054 0 -0.08497310820623959)
(0.6870182481204054 -0.01 -0.08497310820623959)
(0.6792489489941064 0 -0.08518353378210421)
(0.6792489489941064 -0.01 -0.08518353378210421)
(0.6714794170690955 0 -0.08538497486201581)
(0.6714794170690955 -0.01 -0.08538497486201581)
(0.6637096912096265 0 -0.08557774520606991)
(0.6637096912096265 -0.01 -0.08557774520606991)
(0.6559397309579422 0 -0.08576072501756195)
(0.6559397309579422 -0.01 -0.08576072501756195)
(0.6481695617754308 0 -0.08593496051690298)
(0.6481695617754308 -0.01 -0.08593496051690298)
(0.6403992030037282 1.702738280640786e-22 -0.08609965288414707)
(0.6403992030037282 -0.01 -0.08609965288414707)
(0.6326286434025254 1.702738277109305e-22 -0.08625502505688516)
(0.6326286434025254 -0.01 -0.08625502505688516)
(0.6248579271324425 1.702738303531926e-22 -0.08640113010409849)
(0.6248579271324425 -0.01 -0.08640113010409849)
(0.617087053265323 1.702738303227891e-22 -0.08653719397649666)
(0.617087053265323 -0.01 -0.08653719397649666)
(0.6093159794809525 8.513691231077906e-23 -0.08666322170191623)
(0.6093159794809525 -0.01 -0.08666322170191623)
(0.6015448121181582 8.5136921238757e-23 -0.08678016109342584)
(0.6015448121181582 -0.01 -0.08678016109342584)
(0.5937734905227323 0 -0.08688555671362849)
(0.5937734905227323 -0.01 -0.08688555671362849)
(0.5860020062020871 0 -0.086981525567091)
(0.5860020062020871 -0.01 -0.086981525567091)
(0.5782304592336805 0 -0.08706721201099604)
(0.5782304592336805 -0.01 -0.08706721201099604)
(0.5704588230777564 0 -0.08714168247370073)
(0.5704588230777564 -0.01 -0.08714168247370073)
(0.5626870632272494 0 -0.08720505090976774)
(0.5626870632272494 -0.01 -0.08720505090976774)
(0.554915259068324 0 -0.08725798773963568)
(0.554915259068324 -0.01 -0.08725798773963568)
(0.5471433822964651 0 -0.08729877305399612)
(0.5471433822964651 -0.01 -0.08729877305399612)
(0.5393714716994311 -2.128423135863755e-23 -0.08732910660780721)
(0.5393714716994311 -0.01 -0.08732910660780721)
(0.5315995654461692 -2.660528813985732e-23 -0.08734685168916549)
(0.5315995654461692 -0.01 -0.08734685168916549)
(0.5238276412583286 -1.064211558678276e-23 -0.0873528007349189)
(0.5238276412583286 -0.01 -0.0873528007349189)
(0.516055727389757 -5.32105760967863e-24 -0.0873461602477666)
(0.516055727389757 -0.01 -0.0873461602477666)
(0.5082838510051024 4.25684639971095e-23 -0.08732741569280433)
(0.5082838510051024 -0.01 -0.08732741569280433)
(0.5005120473541486 -1.461166789634817e-31 -0.08729553860473203)
(0.5005120473541486 -0.01 -0.08729553860473203)
(0.4927403383407509 -8.513693244743545e-23 -0.0872506234753256)
(0.4927403383407509 -0.01 -0.0872506234753256)
(0.4849687327761798 -4.25684642701161e-23 -0.08719163735841555)
(0.4849687327761798 -0.01 -0.08719163735841555)
(0.4771972343062765 0 -0.08711931955278807)
(0.4771972343062765 -0.01 -0.08711931955278807)
(0.4694259203918907 0 -0.08703310494494802)
(0.4694259203918907 -0.01 -0.08703310494494802)
(0.4616548120844278 8.513693416702379e-23 -0.08693222155991247)
(0.4616548120844278 -0.01 -0.08693222155991247)
(0.4538839213653845 8.513693543721095e-23 -0.08681654740787578)
(0.4538839213653845 -0.01 -0.08681654740787578)
(0.4461133016369592 0 -0.08668584165605463)
(0.4461133016369592 -0.01 -0.08668584165605463)
(0.4383429754998937 0 -0.08653933675191731)
(0.4383429754998937 -0.01 -0.08653933675191731)
(0.4305729919037877 0 -0.08637742742232064)
(0.4305729919037877 -0.01 -0.08637742742232064)
(0.4228034351779864 0 -0.08619858644083742)
(0.4228034351779864 -0.01 -0.08619858644083742)
(0.4150342978172598 0 -0.08600260922364583)
(0.4150342978172598 -0.01 -0.08600260922364583)
(0.4072656333580262 0 -0.08578952323254486)
(0.4072656333580262 -0.01 -0.08578952323254486)
(0.3994974989883368 0 -0.08555858322335555)
(0.3994974989883368 -0.01 -0.08555858322335555)
(0.3917299572652332 0 -0.08530994183069264)
(0.3917299572652332 -0.01 -0.08530994183069264)
(0.3839630850162208 0 -0.0850420014843213)
(0.3839630850162208 -0.01 -0.0850420014843213)
(0.3761969227640439 0 -0.0847555112614007)
(0.3761969227640439 -0.01 -0.0847555112614007)
(0.3684316057936218 -3.405478878118751e-22 -0.08444824767177066)
(0.3684316057936218 -0.01 -0.08444824767177066)
(0.3606671157860761 -3.4054790957833e-22 -0.08412084560948783)
(0.3606671157860761 -0.01 -0.08412084560948783)
(0.3529035840669517 0 -0.08377255798605963)
(0.3529035840669517 -0.01 -0.08377255798605963)
(0.345141085815643 3.405479284689961e-22 -0.08340259896610797)
(0.345141085815643 -0.01 -0.08340259896610797)
(0.3373797231834334 3.387831084293278e-30 -0.08301080615809245)
(0.3373797231834334 -0.01 -0.08301080615809245)
(0.3296196444023717 -3.405479779709638e-22 -0.08259535064149588)
(0.3296196444023717 -0.01 -0.08259535064149588)
(0.3218608802128352 0 -0.08215641545034856)
(0.3218608802128352 -0.01 -0.08215641545034856)
(0.3141036047254313 0 -0.08169314957937877)
(0.3141036047254313 -0.01 -0.08169314957937877)
(0.3063479517523664 0 -0.08120412412513853)
(0.3063479517523664 -0.01 -0.08120412412513853)
(0.2916290201301311 0 0.03906902719438384)
(0.2985635724130153 6.730607051502143e-22 0.03860962779687762)
(0.2985635724130153 -0.01 0.03860962779687762)
(0.2916290201301311 -0.01 0.03906902719438384)
(0.2848172827077931 3.948053106182261e-22 0.03949781790118322)
(0.2848172827077931 -0.01 0.03949781790118322)
(0.2781263032804674 -7.204329291118538e-24 0.0398968463545792)
(0.2781263032804674 -0.01 0.0398968463545792)
(0.2715540306471657 -8.113552877574761e-22 0.04026686155522231)
(0.2715540306471657 -0.01 0.04026686155522231)
(0.2650983904646546 -4.093456039845321e-22 0.04060799531434148)
(0.2650983904646546 -0.01 0.04060799531434148)
(0.2587573462361555 -2.122105447498141e-22 0.04092105936623821)
(0.2587573462361555 -0.01 0.04092105936623821)
(0.2525289837951829 3.872722175938104e-24 0.04120726485256093)
(0.2525289837951829 -0.01 0.04120726485256093)
(0.246411357399267 -3.94313883793544e-24 0.04146631314819009)
(0.246411357399267 -0.01 0.04146631314819009)
(0.2404025172022959 -2.200264395583744e-22 0.04169901692553534)
(0.2404025172022959 -0.01 0.04169901692553534)
(0.2345006037653403 0 0.04190634113842772)
(0.2345006037653403 -0.01 0.04190634113842772)
(0.2287038317014914 1.161463244805235e-22 0.04208918216201614)
(0.2287038317014914 -0.01 0.04208918216201614)
(0.2230103859436659 1.161463219179943e-22 0.04224732263782784)
(0.2230103859436659 -0.01 0.04224732263782784)
(0.217418482755405 0 0.04238171982493007)
(0.217418482755405 -0.01 0.04238171982493007)
(0.2119263777742021 0 0.0424927696250643)
(0.2119263777742021 -0.01 0.0424927696250643)
(0.2065323817879676 0 0.04258122988277278)
(0.2065323817879676 -0.01 0.04258122988277278)
(0.2012348225065897 3.17843837733686e-23 0.04264735320406946)
(0.2012348225065897 -0.01 0.04264735320406946)
(0.1960320119675146 3.178438111649128e-23 0.04269166642283423)
(0.1960320119675146 -0.01 0.04269166642283423)
(0.1909223852330724 -2.059685781210745e-24 0.0427153652248719)
(0.1909223852330724 -0.01 0.0427153652248719)
(0.1859043667790317 -2.059685702389716e-24 0.04271789947570162)
(0.1859043667790317 -0.01 0.04271789947570162)
(0.1809763407771272 0 0.04270020415873701)
(0.1809763407771272 -0.01 0.04270020415873701)
(0.1761368403903548 0 0.04266289581410287)
(0.1761368403903548 -0.01 0.04266289581410287)
(0.1713843557275498 0 0.04260562814921126)
(0.1713843557275498 -0.01 0.04260562814921126)
(0.1667173095345416 0 0.04252932917824603)
(0.1667173095345416 -0.01 0.04252932917824603)
(0.1621343687772073 1.469272664005723e-22 0.04243549568478532)
(0.1621343687772073 -0.01 0.04243549568478532)
(0.1576341119530477 1.469272164526986e-22 0.04232258216809352)
(0.1576341119530477 -0.01 0.04232258216809352)
(0.1532150949496454 1.52338628973862e-22 0.0421926533267367)
(0.1532150949496454 -0.01 0.0421926533267367)
(0.1488760053664982 -2.77978969184486e-24 0.04204454604259941)
(0.1488760053664982 -0.01 0.04204454604259941)
(0.1446154059740925 -1.551184172930762e-22 0.04188002643984276)
(0.1446154059740925 -0.01 0.04188002643984276)
(0.1404320895842167 0 0.04169873637281401)
(0.1404320895842167 -0.01 0.04169873637281401)
(0.1363247406029155 -1.637662202443828e-22 0.04150105173105943)
(0.1363247406029155 -0.01 0.04150105173105943)
(0.1322920539564746 -3.305208168462592e-22 0.04128696091978024)
(0.1322920539564746 -0.01 0.04128696091978024)
(0.1283327737929212 3.043036816007588e-24 0.04105774255874463)
(0.1283327737929212 -0.01 0.04105774255874463)
(0.1244457948893313 1.697977486779951e-22 0.04081278935295394)
(0.1244457948893313 -0.01 0.04081278935295394)
(0.120629814388155 0 0.04055240869637799)
(0.120629814388155 -0.01 0.04055240869637799)
(0.1168836565591104 -3.585271656420198e-22 0.04027764793127039)
(0.1168836565591104 -0.01 0.04027764793127039)
(0.113206286246916 -3.585272498102392e-22 0.03998810911276429)
(0.113206286246916 -0.01 0.03998810911276429)
(0.1095965328592799 0 0.03968379199838585)
(0.1095965328592799 -0.01 0.03968379199838585)
(0.1060532297910174 0 0.03936548866329186)
(0.1060532297910174 -0.01 0.03936548866329186)
(0.102575353432698 0 0.03903339636980103)
(0.102575353432698 -0.01 0.03903339636980103)
(0.09916191451484622 0 0.03868757873326139)
(0.09916191451484622 -0.01 0.03868757873326139)
(0.09581190161127735 0 0.03832753896476165)
(0.09581190161127735 -0.01 0.03832753896476165)
(0.09252418139377373 0 0.03795413543567696)
(0.09252418139377373 -0.01 0.03795413543567696)
(0.08929780731422714 -4.143358714388443e-22 0.03756749804358528)
(0.08929780731422714 -0.01 0.03756749804358528)
(0.0861319055712708 -4.14336367447269e-22 0.03716822084143515)
(0.0861319055712708 -0.01 0.03716822084143515)
(0.08302567358206821 0 0.03675461566983972)
(0.08302567358206821 -0.01 0.03675461566983972)
(0.0799778882403322 0 0.03632833680269675)
(0.0799778882403322 -0.01 0.03632833680269675)
(0.07698779803114446 -4.454176354152306e-22 0.03588939560759882)
(0.07698779803114446 -0.01 0.03588939560759882)
(0.07405465550947471 -8.98961930970861e-22 0.03543777758880085)
(0.07405465550947471 -0.01 0.03543777758880085)
(0.07117771420886312 -4.535437490483965e-22 0.03497237931011757)
(0.07117771420886312 -0.01 0.03497237931011757)
(0.06835595990619531 0 0.03449406381589123)
(0.06835595990619531 -0.01 0.03449406381589123)
(0.06558871164797335 0 0.03400296728427155)
(0.06558871164797335 -0.01 0.03400296728427155)
(0.06287527737448433 0 0.03349852347656453)
(0.06287527737448433 -0.01 0.03349852347656453)
(0.0602148687415987 0 0.03298128191382852)
(0.0602148687415987 -0.01 0.03298128191382852)
(0.05760693038421746 0 0.03245013552701901)
(0.05760693038421746 -0.01 0.03245013552701901)
(0.05505054644859222 0 0.03190668816601892)
(0.05505054644859222 -0.01 0.03190668816601892)
(0.05254560791242074 5.241428456627781e-22 0.03134881996132417)
(0.05254560791242074 -0.01 0.03134881996132417)
(0.0500911159012359 1.057854565513799e-21 0.03077714563001815)
(0.0500911159012359 -0.01 0.03077714563001815)
(0.04768664889138577 -9.736037710508094e-24 0.03019199988102556)
(0.04768664889138577 -0.01 0.03019199988102556)
(0.04533189353061848 -5.43448665329511e-22 0.0295919497689988)
(0.04533189353061848 -0.01 0.0295919497689988)
(0.04302614174854754 0 0.02897797821655477)
(0.04302614174854754 -0.01 0.02897797821655477)
(0.04076943410722001 0 0.0283483922164054)
(0.04076943410722001 -0.01 0.0283483922164054)
(0.03856113068358946 5.842182847624834e-22 0.02770345977538323)
(0.03856113068358946 -0.01 0.02770345977538323)
(0.03640109234307091 5.842190202098177e-22 0.02704240002519219)
(0.03640109234307091 -0.01 0.02704240002519219)
(0.03428897475483763 0 0.02636532211796172)
(0.03428897475483763 -0.01 0.02636532211796172)
(0.03222490650003594 -6.16793088571084e-22 0.02567135318077356)
(0.03222490650003594 -0.01 0.02567135318077356)
(0.03020901708338497 -1.244842317844306e-21 0.02495896156541803)
(0.03020901708338497 -0.01 0.02495896156541803)
(0.02824096296457791 -6.280515037418063e-22 0.02422854955417884)
(0.02824096296457791 -0.01 0.02422854955417884)
(0.02632127894099067 0 0.02347895372899205)
(0.02632127894099067 -0.01 0.02347895372899205)
(0.02445033917193359 0 0.02270895989722155)
(0.02445033917193359 -0.01 0.02270895989722155)
(0.0226284476908062 0 0.02191813060566165)
(0.0226284476908062 -0.01 0.02191813060566165)
(0.02085658663342421 0 0.02110489242708452)
(0.02085658663342421 -0.01 0.02110489242708452)
(0.01913558324283061 7.000549324789905e-22 0.02026831023298748)
(0.01913558324283061 -0.01 0.02026831023298748)
(0.01746681356193539 7.000624455214964e-22 0.01940653707888949)
(0.01746681356193539 -0.01 0.01940653707888949)
(0.01585149658732925 7.258306295547613e-22 0.01851857158844196)
(0.01585149658732925 -0.01 0.01851857158844196)
(0.01429152851533816 7.258433970417095e-22 0.01760282159106638)
(0.01429152851533816 -0.01 0.01760282159106638)
(0.01278920823665678 0 0.01665795904809382)
(0.01278920823665678 -0.01 0.01665795904809382)
(0.0113475279946454 0 0.01568177534930726)
(0.0113475279946454 -0.01 0.01568177534930726)
(0.009969599400171723 -7.802188670176129e-22 0.01467285846807195)
(0.009969599400171723 -0.01 0.01467285846807195)
(0.008659630794157281 -7.802448964630132e-22 0.01362845505253594)
(0.008659630794157281 -0.01 0.01362845505253594)
(0.007421991567364165 0 0.01254894696677775)
(0.007421991567364165 -0.01 0.01254894696677775)
(0.006262783413293556 0 0.01143146145322279)
(0.006262783413293556 -0.01 0.01143146145322279)
(0.005187497653866733 8.390582632146312e-22 0.01027558941959399)
(0.005187497653866733 -0.01 0.01027558941959399)
(0.004204532289879362 8.391333091941328e-22 0.009081760046035978)
(0.004204532289879362 -0.01 0.009081760046035978)
(0.003320923492125807 -8.696108212861056e-22 0.007851145212044523)
(0.003320923492125807 -0.01 0.007851145212044523)
(0.002543880778603898 -1.312715148614433e-21 0.006585316742669734)
(0.002543880778603898 -0.01 0.006585316742669734)
(0.001882281269969722 -4.430444327689968e-22 0.00528988968832269)
(0.001882281269969722 -0.01 0.00528988968832269)
(0.001341471298790789 0 0.003971254257802688)
(0.001341471298790789 -0.01 0.003971254257802688)
(0.0009253848442077418 -2.340212415933366e-22 0.002637198679022064)
(0.0009253848442077418 -0.01 0.002637198679022064)
(0.0006350863882625564 -2.340216624526254e-22 0.001297505298219978)
(0.0006350863882625564 -0.01 0.001297505298219978)
(0.9897302095659259 -1.34611973349723e-21 -0.06872281954711683)
(0.9897302095659259 -0.01 -0.06872281954711683)
(0.9820414782327764 -2.692239255739272e-21 -0.06706804679536961)
(0.9820414782327764 -0.01 -0.06706804679536961)
(0.9743504156146816 -1.346119553628734e-21 -0.06542397935767032)
(0.9743504156146816 -0.01 -0.06542397935767032)
(0.9666571122090774 -1.346119607040678e-21 -0.06379034905613504)
(0.9666571122090774 -0.01 -0.06379034905613504)
(0.9589616618212733 -2.692239324686138e-21 -0.06216690789366382)
(0.9589616618212733 -0.01 -0.06216690789366382)
(0.951263949091558 -1.346119643528305e-21 -0.06055420483426068)
(0.951263949091558 -0.01 -0.06055420483426068)
(0.9435641089121793 0 -0.0589515342092936)
(0.9435641089121793 -0.01 -0.0589515342092936)
(0.9358622456001706 0 -0.05735863699548614)
(0.9358622456001706 -0.01 -0.05735863699548614)
(0.9281582662063064 0 -0.05577591493628314)
(0.9281582662063064 -0.01 -0.05577591493628314)
(0.9204523893648277 0 -0.05420241139639065)
(0.9204523893648277 -0.01 -0.05420241139639065)
(0.9127445147022148 0 -0.05263882654051028)
(0.9127445147022148 -0.01 -0.05263882654051028)
(0.9050346311213527 0 -0.05108506976328914)
(0.9050346311213527 -0.01 -0.05108506976328914)
(0.8973228425225123 0 -0.04954058242237689)
(0.8973228425225123 -0.01 -0.04954058242237689)
(0.8896093785362499 1.346119657865723e-21 -0.04800463803242653)
(0.8896093785362499 -0.01 -0.04800463803242653)
(0.8818938921602213 1.346119575221968e-21 -0.04647890741346799)
(0.8818938921602213 -0.01 -0.04647890741346799)
(0.874176651847816 -1.346119543962708e-21 -0.04496183441965421)
(0.874176651847816 -0.01 -0.04496183441965421)
(0.8664576974425574 -1.346119552241056e-21 -0.04345355353847889)
(0.8664576974425574 -0.01 -0.04345355353847889)
(0.8587370060068552 0 -0.04195423174205756)
(0.8587370060068552 -0.01 -0.04195423174205756)
(0.8510145638517455 1.346119563056875e-21 -0.04046396012825332)
(0.8510145638517455 -0.01 -0.04046396012825332)
(0.8432903804552778 1.346119547535594e-21 -0.03898267528796477)
(0.8432903804552778 -0.01 -0.03898267528796477)
(0.8355645136676236 -1.346119551786412e-21 -0.03751006541651951)
(0.8355645136676236 -0.01 -0.03751006541651951)
(0.8278370980678149 -9.010927728708635e-29 -0.03604570034872399)
(0.8278370980678149 -0.01 -0.03604570034872399)
(0.8201079188974594 2.692238951939137e-21 -0.03459055932501438)
(0.8201079188974594 -0.01 -0.03459055932501438)
(0.8123773153628424 1.346119602910066e-21 -0.03314303349262256)
(0.8123773153628424 -0.01 -0.03314303349262256)
(0.8046449915380962 1.346119544590579e-21 -0.03170489486129289)
(0.8046449915380962 -0.01 -0.03170489486129289)
(0.7969110446263907 1.346119534557892e-21 -0.03027533027354843)
(0.7969110446263907 -0.01 -0.03027533027354843)
(0.7891755499630664 1.346119527037042e-21 -0.02885413612900798)
(0.7891755499630664 -0.01 -0.02885413612900798)
(0.7814385214669535 1.346119538634203e-21 -0.02744136850532626)
(0.7814385214669535 -0.01 -0.02744136850532626)
(0.7736999135033785 1.346119520611172e-21 -0.02603726849924281)
(0.7736999135033785 -0.01 -0.02603726849924281)
(0.7659597830648142 1.346119522807702e-21 -0.02464153967482081)
(0.7659597830648142 -0.01 -0.02464153967482081)
(0.7582181357759132 0 -0.02325423115179418)
(0.7582181357759132 -0.01 -0.02325423115179418)
(0.7504750137404265 0 -0.02187520270032991)
(0.7504750137404265 -0.01 -0.02187520270032991)
(0.7427304001906787 0 -0.02050473506386112)
(0.7427304001906787 -0.01 -0.02050473506386112)
(0.734984167355438 0 -0.01914342206749195)
(0.734984167355438 -0.01 -0.01914342206749195)
(0.7272364371722151 0 -0.01779050769825364)
(0.7272364371722151 -0.01 -0.01779050769825364)
(0.7194872647273979 0 -0.01644595628488431)
(0.7194872647273979 -0.01 -0.01644595628488431)
(0.7117365750507353 0 -0.01511022637069205)
(0.7117365750507353 -0.01 -0.01511022637069205)
(0.7039844045165289 -1.346119556533029e-21 -0.01378310873255752)
(0.7039844045165289 -0.01 -0.01378310873255752)
(0.696230762076159 -1.346119588499693e-21 -0.01246476968117871)
(0.696230762076159 -0.01 -0.01246476968117871)
(0.6884755269991312 1.346119553951592e-21 -0.01115583513786441)
(0.6884755269991312 -0.01 -0.01115583513786441)
(0.6807187736231693 2.692239023721857e-21 -0.00985568850593751)
(0.6807187736231693 -0.01 -0.00985568850593751)
(0.6729606819327489 1.346119574248558e-21 -0.008563724791944267)
(0.6729606819327489 -0.01 -0.008563724791944267)
(0.6652010235880357 0 -0.007281452630221238)
(0.6652010235880357 -0.01 -0.007281452630221238)
(0.657439800255609 0 -0.006008613995725851)
(0.657439800255609 -0.01 -0.006008613995725851)
(0.6496770594191565 0 -0.004745094509735903)
(0.6496770594191565 -0.01 -0.004745094509735903)
(0.6419127690695986 0 -0.003491172371162505)
(0.6419127690695986 -0.01 -0.003491172371162505)
(0.6341469428459378 0 -0.002246777938924797)
(0.6341469428459378 -0.01 -0.002246777938924797)
(0.626379629087371 0 -0.001011883774871288)
(0.626379629087371 -0.01 -0.001011883774871288)
(0.6186106721794954 0 0.0002125898578153425)
(0.6186106721794954 -0.01 0.0002125898578153425)
(0.6108401906608799 0 0.001427367518115722)
(0.6108401906608799 -0.01 0.001427367518115722)
(0.6030681204485844 0 0.002631797973632911)
(0.6030681204485844 -0.01 0.002631797973632911)
(0.5952944545254694 -1.346119636240646e-21 0.003825857544318)
(0.5952944545254694 -0.01 0.003825857544318)
(0.5875191863859049 -1.346119631405731e-21 0.005009433214054649)
(0.5875191863859049 -0.01 0.005009433214054649)
(0.5797423783186647 0 0.006182600682411915)
(0.5797423783186647 -0.01 0.006182600682411915)
(0.5719638251263589 1.346119634471907e-21 0.007344132923669591)
(0.5719638251263589 -0.01 0.007344132923669591)
(0.5641837304435204 1.346119730906164e-21 0.00849521624016996)
(0.5641837304435204 -0.01 0.00849521624016996)
(0.5564019040046269 0 0.009634299158882021)
(0.5564019040046269 -0.01 0.009634299158882021)
(0.5486183891965187 0 0.01076187606948176)
(0.5486183891965187 -0.01 0.01076187606948176)
(0.5408332221089708 0 0.01187784512728237)
(0.5408332221089708 -0.01 0.01187784512728237)
(0.5330463600969103 -1.34611978679559e-21 0.01298166503851714)
(0.5330463600969103 -0.01 0.01298166503851714)
(0.525257711953348 -1.346119767563104e-21 0.01407273469840336)
(0.525257711953348 -0.01 0.01407273469840336)
(0.5174673274405109 0 0.01515132745569844)
(0.5174673274405109 -0.01 0.01515132745569844)
(0.5096752223134925 0 0.01621711909626092)
(0.5096752223134925 -0.01 0.01621711909626092)
(0.5018812637076918 0 0.01726916129548089)
(0.5018812637076918 -0.01 0.01726916129548089)
(0.4940855376662188 1.346119896724182e-21 0.01830794446692879)
(0.4940855376662188 -0.01 0.01830794446692879)
(0.4862879699737792 3.363556742296338e-29 0.01933263763495582)
(0.4862879699737792 -0.01 0.01933263763495582)
(0.4784886078894563 -2.692239907649507e-21 0.02034335610475846)
(0.4784886078894563 -0.01 0.02034335610475846)
(0.4706873217677366 -1.346119902577496e-21 0.0213390669218401)
(0.4706873217677366 -0.01 0.0213390669218401)
(0.4628842952313407 -6.730600456084734e-22 0.02232061010750482)
(0.4628842952313407 -0.01 0.02232061010750482)
(0.4550791977984113 -2.197092855935904e-29 0.02328543694600905)
(0.4550791977984113 -0.01 0.02328543694600905)
(0.4472723143574204 6.73060029926915e-22 0.02423567028346472)
(0.4472723143574204 -0.01 0.02423567028346472)
(0.4394634505772701 0 0.02516903872025333)
(0.4394634505772701 -0.01 0.02516903872025333)
(0.4316526624965063 0 0.0260861496715517)
(0.4316526624965063 -0.01 0.0260861496715517)
(0.4238399646726255 0 0.02698632922592276)
(0.4238399646726255 -0.01 0.02698632922592276)
(0.416025236487312 0 0.02786838409360185)
(0.416025236487312 -0.01 0.02786838409360185)
(0.4082084883375931 0 0.02873236819216353)
(0.4082084883375931 -0.01 0.02873236819216353)
(0.4003897966615514 0 0.02957826598294859)
(0.4003897966615514 -0.01 0.02957826598294859)
(0.3925691184308021 -6.730602321910798e-22 0.0304050086802338)
(0.3925691184308021 -0.01 0.0304050086802338)
(0.384746367647378 -6.730602171876209e-22 0.03121170750684356)
(0.384746367647378 -0.01 0.03121170750684356)
(0.3769216171427722 0 0.03199863213806974)
(0.3769216171427722 -0.01 0.03199863213806974)
(0.3690949137235239 0 0.03276506359353978)
(0.3690949137235239 -0.01 0.03276506359353978)
(0.3612660770744712 -6.730602311373168e-22 0.03350918101045674)
(0.3612660770744712 -0.01 0.03350918101045674)
(0.3534353024479756 -1.346120825727423e-21 0.03423217434787527)
(0.3534353024479756 -0.01 0.03423217434787527)
(0.345602443405394 1.405435874182262e-29 0.03493154049773783)
(0.345602443405394 -0.01 0.03493154049773783)
(0.3377675769614263 6.730604830798865e-22 0.03560788875825542)
(0.3377675769614263 -0.01 0.03560788875825542)
(0.3299307536473405 0 0.03626017378058374)
(0.3299307536473405 -0.01 0.03626017378058374)
(0.3220918826870934 -6.730605551651757e-22 0.03688682522229033)
(0.3220918826870934 -0.01 0.03688682522229033)
(0.3142510544393289 -6.73060647538402e-22 0.03748803541919569)
(0.3142510544393289 -0.01 0.03748803541919569)
(0.3064082818975397 6.730607081155687e-22 0.03806250230684746)
(0.3064082818975397 -0.01 0.03806250230684746)
)


// ************************************************************************* //
