/*--------------------------------*- C++ -*----------------------------------*\
| =========                 |                                                 |
| \\      /  F ield         | OpenFOAM: The Open Source CFD Toolbox           |
|  \\    /   O peration     | Version:  v1912                                 |
|   \\  /    A nd           | Website:  www.openfoam.com                      |
|    \\/     M anipulation  |                                                 |
\*---------------------------------------------------------------------------*/
FoamFile
{
    version     2.0;
    format      ascii;
    class       scalarField;
    location    "0.002/lagrangian/iceFoamCloud";
    object      nParticle;
}
// * * * * * * * * * * * * * * * * * * * * * * * * * * * * * * * * * * * * * //


261
(
120736.4826580413
120736.4826580413
135520.5417590267
135520.5417590267
100852.4961927634
100852.4961927634
100852.4961927634
114481.2118944884
114481.2118944884
114481.2118944884
96593.5225359747
96593.5225359747
96593.5225359747
96593.5225359747
106942.8285219721
106942.8285219721
106942.8285219721
106942.8285219721
96248.54566977515
96248.54566977515
96248.54566977515
96248.54566977515
96248.54566977515
105415.0738288009
105415.0738288009
105415.0738288009
105415.0738288009
105415.0738288009
97606.54984148229
97606.54984148229
97606.54984148229
97606.54984148229
97606.54984148229
97606.54984148229
97606.54984148229
97606.54984148229
97606.54984148229
97606.54984148229
97606.54984148229
97606.54984148229
97606.54984148229
97606.54984148229
97606.54984148229
97606.54984148229
97606.54984148229
97606.54984148229
97606.54984148229
97606.54984148229
97606.54984148229
97606.54984148229
97606.54984148229
97606.54984148229
97606.54984148229
97606.54984148229
97606.54984148229
97606.54984148229
97606.54984148229
97606.54984148229
97606.54984148229
97606.54984148229
97606.54984148229
97606.54984148229
97606.54984148229
97606.54984148229
97606.54984148254
97606.54984148254
97606.54984148254
97606.54984148254
97606.54984148254
97606.54984148254
97606.54984148254
97606.54984148254
97606.54984148254
97606.54984148254
97606.54984148254
97606.54984148254
97606.54984148219
97606.54984148219
97606.54984148219
97606.54984148219
97606.54984148219
97606.54984148219
97606.54984148254
97606.54984148254
97606.54984148254
97606.54984148254
97606.54984148254
97606.54984148254
97606.54984148254
97606.54984148254
97606.54984148254
97606.54984148254
97606.54984148254
97606.54984148254
97606.54984148219
97606.54984148219
97606.54984148219
97606.54984148219
97606.54984148219
97606.54984148219
97606.54984148219
97606.54984148219
97606.54984148219
97606.54984148219
97606.54984148219
97606.54984148219
97606.54984148254
97606.54984148254
97606.54984148254
97606.54984148254
97606.54984148254
97606.54984148254
97606.54984148254
97606.54984148254
97606.54984148254
97606.54984148254
97606.54984148254
97606.54984148254
97606.54984148219
97606.54984148219
97606.54984148219
97606.54984148219
97606.54984148219
97606.54984148219
97606.54984148219
97606.54984148219
97606.54984148219
97606.54984148219
97606.54984148219
97606.54984148219
97606.54984148254
97606.54984148254
97606.54984148254
97606.54984148254
97606.54984148254
97606.54984148254
108179.8884616054
108179.8884616054
108179.8884616054
108179.8884616054
108179.8884616054
108179.8884616054
108179.8884616054
108179.8884616054
108179.8884616054
108179.8884616054
108179.8884616047
108179.8884616047
108179.8884616047
108179.8884616047
108179.8884616047
108179.8884616047
108179.8884616047
108179.8884616047
108179.8884616047
108179.8884616047
108179.8884616054
108179.8884616054
108179.8884616054
108179.8884616054
108179.8884616054
108179.8884616054
108179.8884616054
108179.8884616054
108179.8884616054
108179.8884616054
108179.8884616047
108179.8884616047
108179.8884616047
108179.8884616047
108179.8884616047
108179.8884616047
108179.8884616047
108179.8884616047
108179.8884616047
108179.8884616047
108179.8884616054
108179.8884616054
108179.8884616054
108179.8884616054
108179.8884616054
108179.8884616054
108179.8884616054
108179.8884616054
108179.8884616054
108179.8884616054
108179.8884616047
108179.8884616047
108179.8884616047
108179.8884616047
108179.8884616047
108179.8884616047
108179.8884616047
108179.8884616047
108179.8884616047
108179.8884616047
108179.8884616054
108179.8884616054
108179.8884616054
108179.8884616054
108179.8884616054
108179.8884616054
108179.8884616054
108179.8884616054
108179.8884616054
108179.8884616054
108179.8884616047
108179.8884616047
108179.8884616047
108179.8884616047
108179.8884616047
108179.8884616047
108179.8884616047
108179.8884616047
108179.8884616047
108179.8884616047
108179.8884616054
108179.8884616054
108179.8884616054
108179.8884616054
108179.8884616054
108179.8884616054
108179.8884616054
108179.8884616054
108179.8884616054
108179.8884616054
108179.8884616047
108179.8884616047
108179.8884616047
108179.8884616047
108179.8884616047
108179.8884616047
108179.8884616047
108179.8884616047
108179.8884616047
108179.8884616047
108179.8884616054
108179.8884616054
108179.8884616054
108179.8884616054
108179.8884616054
108179.8884616054
108179.8884616054
108179.8884616054
108179.8884616054
108179.8884616054
108179.8884616047
108179.8884616047
108179.8884616047
108179.8884616047
108179.8884616047
108179.8884616047
108179.8884616047
108179.8884616047
108179.8884616047
108179.8884616047
108179.8884616054
108179.8884616054
108179.8884616054
108179.8884616054
108179.8884616054
)


// ************************************************************************* //
